1704063600.0	7-0	170	1
1704063600.0	7-1	170	2
1704063600.0	7-2	400	1
1704063600.0	7-3	170	3
1704063600.0	7-4	280	1
1704063600.0	7-5	400	2
1704063600.0	7-6	280	2
1704063600.0	8-0	160	1
1704063600.0	8-1	280	3
1704063600.0	8-2	170	4
1704063600.0	8-3	170	5
1704063600.0	8-4	170	6
1704063600.0	8-5	380	1
1704063600.0	8-6	400	3
1704063600.0	8-7	400	4
1704063600.0	8-8	380	2
1704063600.0	8-9	170	7
1704063600.0	8-10	260	1
1704063600.0	0-0	160	2
1704063600.0	0-1	380	3
1704063600.0	0-2	400	5
1704063600.0	0-3	400	6
1704063600.0	0-4	400	7
1704063600.0	0-5	160	3
1704063600.0	0-6	170	8
1704063600.0	13-0	400	8
1704063600.0	13-1	160	4
1704063600.0	13-2	400	9
1704063600.0	13-3	260	2
1704063600.0	13-4	170	9
1704063600.0	13-5	280	4
1704063600.0	13-6	400	10
1704063600.0	13-7	400	11
1704063600.0	13-8	260	3
1704063600.0	2-0	380	4
1704063600.0	2-1	380	5
1704063600.0	2-2	170	10
1704063600.0	2-3	400	12
1704063600.0	2-4	160	5
1704063600.0	2-5	160	6
1704063600.0	2-6	170	11
1704063600.0	2-7	400	13
1704064500.0	7-0	150	1
1704064500.0	7-1	150	2
1704064500.0	7-2	360	1
1704064500.0	7-3	140	1
1704064500.0	7-4	240	1
1704064500.0	7-5	360	2
1704064500.0	7-6	240	2
1704064500.0	8-0	150	3
1704064500.0	8-1	260	4
1704064500.0	8-2	140	2
1704064500.0	8-3	150	4
1704064500.0	8-4	150	5
1704064500.0	8-5	360	3
1704064500.0	8-6	360	4
1704064500.0	8-7	360	5
1704064500.0	8-8	340	1
1704064500.0	8-9	140	3
1704064500.0	8-10	260	4
1704064500.0	0-0	160	6
1704064500.0	0-1	360	6
1704064500.0	0-2	360	7
1704064500.0	0-3	380	6
1704064500.0	0-4	360	8
1704064500.0	0-5	140	4
1704064500.0	0-6	140	5
1704064500.0	13-0	360	9
1704064500.0	13-1	150	6
1704064500.0	13-2	360	10
1704064500.0	13-3	240	3
1704064500.0	13-4	150	7
1704064500.0	13-5	260	5
1704064500.0	13-6	360	11
1704064500.0	13-7	380	7
1704064500.0	13-8	260	5
1704064500.0	2-0	360	12
1704064500.0	2-1	340	2
1704064500.0	2-2	150	8
1704064500.0	2-3	340	3
1704064500.0	2-4	140	6
1704064500.0	2-5	150	9
1704064500.0	2-6	150	10
1704064500.0	2-7	360	13
1704065400.0	7-0	130	1
1704065400.0	7-1	130	2
1704065400.0	7-2	320	1
1704065400.0	7-3	130	3
1704065400.0	7-4	220	1
1704065400.0	7-5	320	2
1704065400.0	7-6	240	3
1704065400.0	8-0	130	4
1704065400.0	8-1	220	2
1704065400.0	8-2	140	6
1704065400.0	8-3	130	5
1704065400.0	8-4	130	6
1704065400.0	8-5	320	3
1704065400.0	8-6	340	4
1704065400.0	8-7	320	4
1704065400.0	8-8	320	5
1704065400.0	8-9	140	6
1704065400.0	8-10	220	3
1704065400.0	0-0	130	7
1704065400.0	0-1	300	1
1704065400.0	0-2	300	2
1704065400.0	0-3	320	6
1704065400.0	0-4	320	7
1704065400.0	0-5	130	8
1704065400.0	0-6	130	9
1704065400.0	13-0	320	8
1704065400.0	13-1	140	7
1704065400.0	13-2	300	3
1704065400.0	13-3	220	4
1704065400.0	13-4	140	8
1704065400.0	13-5	220	5
1704065400.0	13-6	320	9
1704065400.0	13-7	320	10
1704065400.0	13-8	220	6
1704065400.0	2-0	340	5
1704065400.0	2-1	340	5
1704065400.0	2-2	140	9
1704065400.0	2-3	320	11
1704065400.0	2-4	130	10
1704065400.0	2-5	130	11
1704065400.0	2-6	130	12
1704065400.0	2-7	320	12
1704066300.0	7-0	120	1
1704066300.0	7-1	120	2
1704066300.0	7-2	300	4
1704066300.0	7-3	130	12
1704066300.0	7-4	190	1
1704066300.0	7-5	300	5
1704066300.0	7-6	190	2
1704066300.0	8-0	120	3
1704066300.0	8-1	200	1
1704066300.0	8-2	120	4
1704066300.0	8-3	120	5
1704066300.0	8-4	120	6
1704066300.0	8-5	280	5
1704066300.0	8-6	300	6
1704066300.0	8-7	280	6
1704066300.0	8-8	300	7
1704066300.0	8-9	120	7
1704066300.0	8-10	200	2
1704066300.0	0-0	120	8
1704066300.0	0-1	300	7
1704066300.0	0-2	280	7
1704066300.0	0-3	300	8
1704066300.0	0-4	300	9
1704066300.0	0-5	120	9
1704066300.0	0-6	120	10
1704066300.0	13-0	300	10
1704066300.0	13-1	120	11
1704066300.0	13-2	280	8
1704066300.0	13-3	190	3
1704066300.0	13-4	120	12
1704066300.0	13-5	200	3
1704066300.0	13-6	280	9
1704066300.0	13-7	300	11
1704066300.0	13-8	200	4
1704066300.0	2-0	300	12
1704066300.0	2-1	280	10
1704066300.0	2-2	120	13
1704066300.0	2-3	300	13
1704066300.0	2-4	130	12
1704066300.0	2-5	120	14
1704066300.0	2-6	120	15
1704066300.0	2-7	300	14
1704067200.0	7-0	110	1
1704067200.0	7-1	110	2
1704067200.0	7-2	280	11
1704067200.0	7-3	110	3
1704067200.0	7-4	180	1
1704067200.0	7-5	280	12
1704067200.0	7-6	180	2
1704067200.0	8-0	120	15
1704067200.0	8-1	190	4
1704067200.0	8-2	110	4
1704067200.0	8-3	110	5
1704067200.0	8-4	120	15
1704067200.0	8-5	260	6
1704067200.0	8-6	260	7
1704067200.0	8-7	280	12
1704067200.0	8-8	260	8
1704067200.0	8-9	110	6
1704067200.0	8-10	180	3
1704067200.0	0-0	110	7
1704067200.0	0-1	260	9
1704067200.0	0-2	280	12
1704067200.0	0-3	260	10
1704067200.0	0-4	260	11
1704067200.0	0-5	110	8
1704067200.0	0-6	110	9
1704067200.0	13-0	260	12
1704067200.0	13-1	110	10
1704067200.0	13-2	260	13
1704067200.0	13-3	180	4
1704067200.0	13-4	110	11
1704067200.0	13-5	190	5
1704067200.0	13-6	260	14
1704067200.0	13-7	260	15
1704067200.0	13-8	180	5
1704067200.0	2-0	260	16
1704067200.0	2-1	260	17
1704067200.0	2-2	110	12
1704067200.0	2-3	260	18
1704067200.0	2-4	110	13
1704067200.0	2-5	110	14
1704067200.0	2-6	110	15
1704067200.0	2-7	260	19
1704068100.0	7-0	95	1
1704068100.0	7-1	95	2
1704068100.0	7-2	260	20
1704068100.0	7-3	95	3
1704068100.0	7-4	160	7
1704068100.0	7-5	240	4
1704068100.0	7-6	170	12
1704068100.0	8-0	100	1
1704068100.0	8-1	170	13
1704068100.0	8-2	100	2
1704068100.0	8-3	95	4
1704068100.0	8-4	95	5
1704068100.0	8-5	240	5
1704068100.0	8-6	240	6
1704068100.0	8-7	240	7
1704068100.0	8-8	240	8
1704068100.0	8-9	110	15
1704068100.0	8-10	170	14
1704068100.0	0-0	100	3
1704068100.0	0-1	260	20
1704068100.0	0-2	240	9
1704068100.0	0-3	240	10
1704068100.0	0-4	260	20
1704068100.0	0-5	95	6
1704068100.0	0-6	100	4
1704068100.0	13-0	240	11
1704068100.0	13-1	100	5
1704068100.0	13-2	260	20
1704068100.0	13-3	170	15
1704068100.0	13-4	100	6
1704068100.0	13-5	160	8
1704068100.0	13-6	260	20
1704068100.0	13-7	240	12
1704068100.0	13-8	170	16
1704068100.0	2-0	240	13
1704068100.0	2-1	240	14
1704068100.0	2-2	100	7
1704068100.0	2-3	240	15
1704068100.0	2-4	110	15
1704068100.0	2-5	110	15
1704068100.0	2-6	100	8
1704068100.0	2-7	240	16
1704069000.0	7-0	100	9
1704069000.0	7-1	90	1
1704069000.0	7-2	220	7
1704069000.0	7-3	90	2
1704069000.0	7-4	160	8
1704069000.0	7-5	220	8
1704069000.0	7-6	170	16
1704069000.0	8-0	95	7
1704069000.0	8-1	170	16
1704069000.0	8-2	90	3
1704069000.0	8-3	100	10
1704069000.0	8-4	95	7
1704069000.0	8-5	240	16
1704069000.0	8-6	240	16
1704069000.0	8-7	220	9
1704069000.0	8-8	240	16
1704069000.0	8-9	100	11
1704069000.0	8-10	150	11
1704069000.0	0-0	90	4
1704069000.0	0-1	240	17
1704069000.0	0-2	220	10
1704069000.0	0-3	220	11
1704069000.0	0-4	240	18
1704069000.0	0-5	95	7
1704069000.0	0-6	100	11
1704069000.0	13-0	240	18
1704069000.0	13-1	95	8
1704069000.0	13-2	220	12
1704069000.0	13-3	170	16
1704069000.0	13-4	100	11
1704069000.0	13-5	160	8
1704069000.0	13-6	240	19
1704069000.0	13-7	220	13
1704069000.0	13-8	150	12
1704069000.0	2-0	220	14
1704069000.0	2-1	240	19
1704069000.0	2-2	95	9
1704069000.0	2-3	220	15
1704069000.0	2-4	100	12
1704069000.0	2-5	90	5
1704069000.0	2-6	95	10
1704069000.0	2-7	240	19
1704069900.0	7-0	90	6
1704069900.0	7-1	95	10
1704069900.0	7-2	220	15
1704069900.0	7-3	95	10
1704069900.0	7-4	160	8
1704069900.0	7-5	220	15
1704069900.0	7-6	150	13
1704069900.0	8-0	90	7
1704069900.0	8-1	150	14
1704069900.0	8-2	90	7
1704069900.0	8-3	90	8
1704069900.0	8-4	95	10
1704069900.0	8-5	220	16
1704069900.0	8-6	220	17
1704069900.0	8-7	220	17
1704069900.0	8-8	220	18
1704069900.0	8-9	95	11
1704069900.0	8-10	150	14
1704069900.0	0-0	90	8
1704069900.0	0-1	220	19
1704069900.0	0-2	220	19
1704069900.0	0-3	220	19
1704069900.0	0-4	220	20
1704069900.0	0-5	90	9
1704069900.0	0-6	95	12
1704069900.0	13-0	220	21
1704069900.0	13-1	95	12
1704069900.0	13-2	220	21
1704069900.0	13-3	150	15
1704069900.0	13-4	90	10
1704069900.0	13-5	150	16
1704069900.0	13-6	220	22
1704069900.0	13-7	220	22
1704069900.0	13-8	150	16
1704069900.0	2-0	220	22
1704069900.0	2-1	220	23
1704069900.0	2-2	95	12
1704069900.0	2-3	220	23
1704069900.0	2-4	90	11
1704069900.0	2-5	90	11
1704069900.0	2-6	95	12
1704069900.0	2-7	220	24
1704070800.0	7-0	90	11
1704070800.0	7-1	90	11
1704070800.0	7-2	220	24
1704070800.0	7-3	90	11
1704070800.0	7-4	150	17
1704070800.0	7-5	220	24
1704070800.0	7-6	150	17
1704070800.0	8-0	90	11
1704070800.0	8-1	140	10
1704070800.0	8-2	90	11
1704070800.0	8-3	90	11
1704070800.0	8-4	90	12
1704070800.0	8-5	220	24
1704070800.0	8-6	200	5
1704070800.0	8-7	220	24
1704070800.0	8-8	220	24
1704070800.0	8-9	85	1
1704070800.0	8-10	140	11
1704070800.0	0-0	90	12
1704070800.0	0-1	220	24
1704070800.0	0-2	220	24
1704070800.0	0-3	220	24
1704070800.0	0-4	200	6
1704070800.0	0-5	90	12
1704070800.0	0-6	90	13
1704070800.0	13-0	220	24
1704070800.0	13-1	90	14
1704070800.0	13-2	200	7
1704070800.0	13-3	150	17
1704070800.0	13-4	90	14
1704070800.0	13-5	150	17
1704070800.0	13-6	200	8
1704070800.0	13-7	220	24
1704070800.0	13-8	150	17
1704070800.0	2-0	200	9
1704070800.0	2-1	220	24
1704070800.0	2-2	90	15
1704070800.0	2-3	200	10
1704070800.0	2-4	95	13
1704070800.0	2-5	90	15
1704070800.0	2-6	95	13
1704070800.0	2-7	200	11
1704071700.0	7-0	90	15
1704071700.0	7-1	90	15
1704071700.0	7-2	200	12
1704071700.0	7-3	90	15
1704071700.0	7-4	140	12
1704071700.0	7-5	220	24
1704071700.0	7-6	150	17
1704071700.0	8-0	90	15
1704071700.0	8-1	150	17
1704071700.0	8-2	85	2
1704071700.0	8-3	90	15
1704071700.0	8-4	90	15
1704071700.0	8-5	220	24
1704071700.0	8-6	220	24
1704071700.0	8-7	200	13
1704071700.0	8-8	220	24
1704071700.0	8-9	90	16
1704071700.0	8-10	140	12
1704071700.0	0-0	90	16
1704071700.0	0-1	220	24
1704071700.0	0-2	220	24
1704071700.0	0-3	220	24
1704071700.0	0-4	200	13
1704071700.0	0-5	90	16
1704071700.0	0-6	90	16
1704071700.0	13-0	220	24
1704071700.0	13-1	90	16
1704071700.0	13-2	220	24
1704071700.0	13-3	150	17
1704071700.0	13-4	90	16
1704071700.0	13-5	150	17
1704071700.0	13-6	220	24
1704071700.0	13-7	220	24
1704071700.0	13-8	150	17
1704071700.0	2-0	220	24
1704071700.0	2-1	220	24
1704071700.0	2-2	85	3
1704071700.0	2-3	200	13
1704071700.0	2-4	85	4
1704071700.0	2-5	85	5
1704071700.0	2-6	90	17
1704071700.0	2-7	220	24
1704072600.0	7-0	90	17
1704072600.0	7-1	85	6
1704072600.0	7-2	200	13
1704072600.0	7-3	85	7
1704072600.0	7-4	150	7
1704072600.0	7-5	200	14
1704072600.0	7-6	140	9
1704072600.0	8-0	85	8
1704072600.0	8-1	140	9
1704072600.0	8-2	85	8
1704072600.0	8-3	90	17
1704072600.0	8-4	85	9
1704072600.0	8-5	220	24
1704072600.0	8-6	200	14
1704072600.0	8-7	220	24
1704072600.0	8-8	200	15
1704072600.0	8-9	85	9
1704072600.0	8-10	150	7
1704072600.0	0-0	85	10
1704072600.0	0-1	220	24
1704072600.0	0-2	200	16
1704072600.0	0-3	220	24
1704072600.0	0-4	200	16
1704072600.0	0-5	85	11
1704072600.0	0-6	85	12
1704072600.0	13-0	220	24
1704072600.0	13-1	90	17
1704072600.0	13-2	220	24
1704072600.0	13-3	140	10
1704072600.0	13-4	90	17
1704072600.0	13-5	150	7
1704072600.0	13-6	220	24
1704072600.0	13-7	200	17
1704072600.0	13-8	150	7
1704072600.0	2-0	220	24
1704072600.0	2-1	220	24
1704072600.0	2-2	90	17
1704072600.0	2-3	200	17
1704072600.0	2-4	90	17
1704072600.0	2-5	85	12
1704072600.0	2-6	90	17
1704072600.0	2-7	220	24
1704073500.0	7-0	80	1
1704073500.0	7-1	85	12
1704073500.0	7-2	200	17
1704073500.0	7-3	90	17
1704073500.0	7-4	140	5
1704073500.0	7-5	200	17
1704073500.0	7-6	140	5
1704073500.0	8-0	85	12
1704073500.0	8-1	140	5
1704073500.0	8-2	85	12
1704073500.0	8-3	85	13
1704073500.0	8-4	90	17
1704073500.0	8-5	220	18
1704073500.0	8-6	200	17
1704073500.0	8-7	200	17
1704073500.0	8-8	200	17
1704073500.0	8-9	85	13
1704073500.0	8-10	140	5
1704073500.0	0-0	90	17
1704073500.0	0-1	220	18
1704073500.0	0-2	220	18
1704073500.0	0-3	220	18
1704073500.0	0-4	200	17
1704073500.0	0-5	90	17
1704073500.0	0-6	90	17
1704073500.0	13-0	200	18
1704073500.0	13-1	85	14
1704073500.0	13-2	220	18
1704073500.0	13-3	140	5
1704073500.0	13-4	90	17
1704073500.0	13-5	150	7
1704073500.0	13-6	200	18
1704073500.0	13-7	220	18
1704073500.0	13-8	140	6
1704073500.0	2-0	220	18
1704073500.0	2-1	200	19
1704073500.0	2-2	85	14
1704073500.0	2-3	200	19
1704073500.0	2-4	85	14
1704073500.0	2-5	85	14
1704073500.0	2-6	85	15
1704073500.0	2-7	200	19
1704074400.0	7-0	90	17
1704074400.0	7-1	80	2
1704074400.0	7-2	220	18
1704074400.0	7-3	90	17
1704074400.0	7-4	140	6
1704074400.0	7-5	220	18
1704074400.0	7-6	140	6
1704074400.0	8-0	90	17
1704074400.0	8-1	140	6
1704074400.0	8-2	85	15
1704074400.0	8-3	85	15
1704074400.0	8-4	85	15
1704074400.0	8-5	200	16
1704074400.0	8-6	220	18
1704074400.0	8-7	220	18
1704074400.0	8-8	200	16
1704074400.0	8-9	85	15
1704074400.0	8-10	140	6
1704074400.0	0-0	85	15
1704074400.0	0-1	220	18
1704074400.0	0-2	200	16
1704074400.0	0-3	220	18
1704074400.0	0-4	200	16
1704074400.0	0-5	85	15
1704074400.0	0-6	85	15
1704074400.0	13-0	200	16
1704074400.0	13-1	85	15
1704074400.0	13-2	200	16
1704074400.0	13-3	140	6
1704074400.0	13-4	85	16
1704074400.0	13-5	150	7
1704074400.0	13-6	200	16
1704074400.0	13-7	220	18
1704074400.0	13-8	150	7
1704074400.0	2-0	200	16
1704074400.0	2-1	200	16
1704074400.0	2-2	85	16
1704074400.0	2-3	200	16
1704074400.0	2-4	85	16
1704074400.0	2-5	90	17
1704074400.0	2-6	85	16
1704074400.0	2-7	200	16
1704075300.0	7-0	80	2
1704075300.0	7-1	80	2
1704075300.0	7-2	200	16
1704075300.0	7-3	85	16
1704075300.0	7-4	140	6
1704075300.0	7-5	200	16
1704075300.0	7-6	140	6
1704075300.0	8-0	85	16
1704075300.0	8-1	150	7
1704075300.0	8-2	85	16
1704075300.0	8-3	85	16
1704075300.0	8-4	85	16
1704075300.0	8-5	200	16
1704075300.0	8-6	200	16
1704075300.0	8-7	200	16
1704075300.0	8-8	200	16
1704075300.0	8-9	85	16
1704075300.0	8-10	140	6
1704075300.0	0-0	85	16
1704075300.0	0-1	220	18
1704075300.0	0-2	200	16
1704075300.0	0-3	200	17
1704075300.0	0-4	200	17
1704075300.0	0-5	85	16
1704075300.0	0-6	85	16
1704075300.0	13-0	200	17
1704075300.0	13-1	80	3
1704075300.0	13-2	200	17
1704075300.0	13-3	140	6
1704075300.0	13-4	85	16
1704075300.0	13-5	150	7
1704075300.0	13-6	220	18
1704075300.0	13-7	200	17
1704075300.0	13-8	140	6
1704075300.0	2-0	200	17
1704075300.0	2-1	220	18
1704075300.0	2-2	85	16
1704075300.0	2-3	200	17
1704075300.0	2-4	80	4
1704075300.0	2-5	80	5
1704075300.0	2-6	80	6
1704075300.0	2-7	220	18
1704076200.0	7-0	80	6
1704076200.0	7-1	85	16
1704076200.0	7-2	200	17
1704076200.0	7-3	80	7
1704076200.0	7-4	140	6
1704076200.0	7-5	200	17
1704076200.0	7-6	140	6
1704076200.0	8-0	90	17
1704076200.0	8-1	140	6
1704076200.0	8-2	90	17
1704076200.0	8-3	90	17
1704076200.0	8-4	90	17
1704076200.0	8-5	200	17
1704076200.0	8-6	200	17
1704076200.0	8-7	220	18
1704076200.0	8-8	190	1
1704076200.0	8-9	80	8
1704076200.0	8-10	130	1
1704076200.0	0-0	90	17
1704076200.0	0-1	200	18
1704076200.0	0-2	200	18
1704076200.0	0-3	200	18
1704076200.0	0-4	200	18
1704076200.0	0-5	80	9
1704076200.0	0-6	90	17
1704076200.0	13-0	220	18
1704076200.0	13-1	85	16
1704076200.0	13-2	200	18
1704076200.0	13-3	130	2
1704076200.0	13-4	85	16
1704076200.0	13-5	140	7
1704076200.0	13-6	200	18
1704076200.0	13-7	200	18
1704076200.0	13-8	140	7
1704076200.0	2-0	200	18
1704076200.0	2-1	220	18
1704076200.0	2-2	80	10
1704076200.0	2-3	200	18
1704076200.0	2-4	90	17
1704076200.0	2-5	85	16
1704076200.0	2-6	85	16
1704076200.0	2-7	200	18
1704077100.0	7-0	85	17
1704077100.0	7-1	80	10
1704077100.0	7-2	200	18
1704077100.0	7-3	90	17
1704077100.0	7-4	130	3
1704077100.0	7-5	200	18
1704077100.0	7-6	140	7
1704077100.0	8-0	80	11
1704077100.0	8-1	130	4
1704077100.0	8-2	85	17
1704077100.0	8-3	80	12
1704077100.0	8-4	90	17
1704077100.0	8-5	200	18
1704077100.0	8-6	200	18
1704077100.0	8-7	200	18
1704077100.0	8-8	200	18
1704077100.0	8-9	85	17
1704077100.0	8-10	140	7
1704077100.0	0-0	80	13
1704077100.0	0-1	200	18
1704077100.0	0-2	200	18
1704077100.0	0-3	200	18
1704077100.0	0-4	200	18
1704077100.0	0-5	80	13
1704077100.0	0-6	80	14
1704077100.0	13-0	220	18
1704077100.0	13-1	85	17
1704077100.0	13-2	200	18
1704077100.0	13-3	130	4
1704077100.0	13-4	90	17
1704077100.0	13-5	150	7
1704077100.0	13-6	200	18
1704077100.0	13-7	200	18
1704077100.0	13-8	150	7
1704077100.0	2-0	200	18
1704077100.0	2-1	200	18
1704077100.0	2-2	80	14
1704077100.0	2-3	200	18
1704077100.0	2-4	85	17
1704077100.0	2-5	85	17
1704077100.0	2-6	85	17
1704077100.0	2-7	200	18
1704078000.0	7-0	85	17
1704078000.0	7-1	85	17
1704078000.0	7-2	200	18
1704078000.0	7-3	85	17
1704078000.0	7-4	140	7
1704078000.0	7-5	200	18
1704078000.0	7-6	140	7
1704078000.0	8-0	90	17
1704078000.0	8-1	130	4
1704078000.0	8-2	80	15
1704078000.0	8-3	80	15
1704078000.0	8-4	90	17
1704078000.0	8-5	200	18
1704078000.0	8-6	200	18
1704078000.0	8-7	200	18
1704078000.0	8-8	220	16
1704078000.0	8-9	85	17
1704078000.0	8-10	130	4
1704078000.0	0-0	80	15
1704078000.0	0-1	200	18
1704078000.0	0-2	200	18
1704078000.0	0-3	200	18
1704078000.0	0-4	200	18
1704078000.0	0-5	85	17
1704078000.0	0-6	85	17
1704078000.0	13-0	220	16
1704078000.0	13-1	80	15
1704078000.0	13-2	200	18
1704078000.0	13-3	130	4
1704078000.0	13-4	85	17
1704078000.0	13-5	130	5
1704078000.0	13-6	220	16
1704078000.0	13-7	200	18
1704078000.0	13-8	150	7
1704078000.0	2-0	200	18
1704078000.0	2-1	220	16
1704078000.0	2-2	85	17
1704078000.0	2-3	190	2
1704078000.0	2-4	85	17
1704078000.0	2-5	85	17
1704078000.0	2-6	85	17
1704078000.0	2-7	200	18
1704078900.0	7-0	80	15
1704078900.0	7-1	85	17
1704078900.0	7-2	200	18
1704078900.0	7-3	80	15
1704078900.0	7-4	130	5
1704078900.0	7-5	220	16
1704078900.0	7-6	140	7
1704078900.0	8-0	80	15
1704078900.0	8-1	140	7
1704078900.0	8-2	85	17
1704078900.0	8-3	80	15
1704078900.0	8-4	90	17
1704078900.0	8-5	190	3
1704078900.0	8-6	200	18
1704078900.0	8-7	220	16
1704078900.0	8-8	200	18
1704078900.0	8-9	85	17
1704078900.0	8-10	140	7
1704078900.0	0-0	80	15
1704078900.0	0-1	200	18
1704078900.0	0-2	220	16
1704078900.0	0-3	190	4
1704078900.0	0-4	200	18
1704078900.0	0-5	80	15
1704078900.0	0-6	85	17
1704078900.0	13-0	200	18
1704078900.0	13-1	80	15
1704078900.0	13-2	200	18
1704078900.0	13-3	140	7
1704078900.0	13-4	90	17
1704078900.0	13-5	140	7
1704078900.0	13-6	200	18
1704078900.0	13-7	200	18
1704078900.0	13-8	130	6
1704078900.0	2-0	200	18
1704078900.0	2-1	200	18
1704078900.0	2-2	85	17
1704078900.0	2-3	200	18
1704078900.0	2-4	80	15
1704078900.0	2-5	85	17
1704078900.0	2-6	80	15
1704078900.0	2-7	200	18
1704079800.0	7-0	80	15
1704079800.0	7-1	85	17
1704079800.0	7-2	200	18
1704079800.0	7-3	85	17
1704079800.0	7-4	140	7
1704079800.0	7-5	200	18
1704079800.0	7-6	140	7
1704079800.0	8-0	85	17
1704079800.0	8-1	140	7
1704079800.0	8-2	80	15
1704079800.0	8-3	85	17
1704079800.0	8-4	85	17
1704079800.0	8-5	200	18
1704079800.0	8-6	220	16
1704079800.0	8-7	200	18
1704079800.0	8-8	200	18
1704079800.0	8-9	85	17
1704079800.0	8-10	140	7
1704079800.0	0-0	85	17
1704079800.0	0-1	200	18
1704079800.0	0-2	200	18
1704079800.0	0-3	200	18
1704079800.0	0-4	200	18
1704079800.0	0-5	90	15
1704079800.0	0-6	85	17
1704079800.0	13-0	200	18
1704079800.0	13-1	85	17
1704079800.0	13-2	200	18
1704079800.0	13-3	140	7
1704079800.0	13-4	85	17
1704079800.0	13-5	140	7
1704079800.0	13-6	200	18
1704079800.0	13-7	200	18
1704079800.0	13-8	130	6
1704079800.0	2-0	220	16
1704079800.0	2-1	220	16
1704079800.0	2-2	85	17
1704079800.0	2-3	200	18
1704079800.0	2-4	80	15
1704079800.0	2-5	80	15
1704079800.0	2-6	85	17
1704079800.0	2-7	200	18
1704080700.0	7-0	85	17
1704080700.0	7-1	90	13
1704080700.0	7-2	200	18
1704080700.0	7-3	90	13
1704080700.0	7-4	140	7
1704080700.0	7-5	220	16
1704080700.0	7-6	140	7
1704080700.0	8-0	85	17
1704080700.0	8-1	150	3
1704080700.0	8-2	80	15
1704080700.0	8-3	85	17
1704080700.0	8-4	90	13
1704080700.0	8-5	200	18
1704080700.0	8-6	200	18
1704080700.0	8-7	200	18
1704080700.0	8-8	200	18
1704080700.0	8-9	90	14
1704080700.0	8-10	140	7
1704080700.0	0-0	85	17
1704080700.0	0-1	220	16
1704080700.0	0-2	220	16
1704080700.0	0-3	220	16
1704080700.0	0-4	200	18
1704080700.0	0-5	85	17
1704080700.0	0-6	85	17
1704080700.0	13-0	200	18
1704080700.0	13-1	85	17
1704080700.0	13-2	200	18
1704080700.0	13-3	140	7
1704080700.0	13-4	85	17
1704080700.0	13-5	140	7
1704080700.0	13-6	200	18
1704080700.0	13-7	200	18
1704080700.0	13-8	140	7
1704080700.0	2-0	200	18
1704080700.0	2-1	200	18
1704080700.0	2-2	85	17
1704080700.0	2-3	220	17
1704080700.0	2-4	85	17
1704080700.0	2-5	85	17
1704080700.0	2-6	85	17
1704080700.0	2-7	200	18
1704081600.0	7-0	90	14
1704081600.0	7-1	85	17
1704081600.0	7-2	200	18
1704081600.0	7-3	85	17
1704081600.0	7-4	150	4
1704081600.0	7-5	200	18
1704081600.0	7-6	150	5
1704081600.0	8-0	90	14
1704081600.0	8-1	140	7
1704081600.0	8-2	90	14
1704081600.0	8-3	90	14
1704081600.0	8-4	90	14
1704081600.0	8-5	220	16
1704081600.0	8-6	200	18
1704081600.0	8-7	220	16
1704081600.0	8-8	200	18
1704081600.0	8-9	90	14
1704081600.0	8-10	150	6
1704081600.0	0-0	90	14
1704081600.0	0-1	220	16
1704081600.0	0-2	200	18
1704081600.0	0-3	200	18
1704081600.0	0-4	200	18
1704081600.0	0-5	90	14
1704081600.0	0-6	85	17
1704081600.0	13-0	220	16
1704081600.0	13-1	90	15
1704081600.0	13-2	200	18
1704081600.0	13-3	140	7
1704081600.0	13-4	85	17
1704081600.0	13-5	140	7
1704081600.0	13-6	220	16
1704081600.0	13-7	220	16
1704081600.0	13-8	150	6
1704081600.0	2-0	220	16
1704081600.0	2-1	200	18
1704081600.0	2-2	85	17
1704081600.0	2-3	220	16
1704081600.0	2-4	85	17
1704081600.0	2-5	90	15
1704081600.0	2-6	90	16
1704081600.0	2-7	200	18
1704082500.0	7-0	90	16
1704082500.0	7-1	90	16
1704082500.0	7-2	220	16
1704082500.0	7-3	90	16
1704082500.0	7-4	140	7
1704082500.0	7-5	200	18
1704082500.0	7-6	150	6
1704082500.0	8-0	95	1
1704082500.0	8-1	140	7
1704082500.0	8-2	90	16
1704082500.0	8-3	90	16
1704082500.0	8-4	90	16
1704082500.0	8-5	220	16
1704082500.0	8-6	220	16
1704082500.0	8-7	200	18
1704082500.0	8-8	220	16
1704082500.0	8-9	85	17
1704082500.0	8-10	140	7
1704082500.0	0-0	95	2
1704082500.0	0-1	220	16
1704082500.0	0-2	220	16
1704082500.0	0-3	220	16
1704082500.0	0-4	220	17
1704082500.0	0-5	95	3
1704082500.0	0-6	95	4
1704082500.0	13-0	220	17
1704082500.0	13-1	90	16
1704082500.0	13-2	220	18
1704082500.0	13-3	140	7
1704082500.0	13-4	90	16
1704082500.0	13-5	150	6
1704082500.0	13-6	220	18
1704082500.0	13-7	220	18
1704082500.0	13-8	140	7
1704082500.0	2-0	220	18
1704082500.0	2-1	220	18
1704082500.0	2-2	90	17
1704082500.0	2-3	220	18
1704082500.0	2-4	95	5
1704082500.0	2-5	90	17
1704082500.0	2-6	90	17
1704082500.0	2-7	200	18
1704083400.0	7-0	100	1
1704083400.0	7-1	100	2
1704083400.0	7-2	220	17
1704083400.0	7-3	90	17
1704083400.0	7-4	160	1
1704083400.0	7-5	220	17
1704083400.0	7-6	160	2
1704083400.0	8-0	95	5
1704083400.0	8-1	160	3
1704083400.0	8-2	100	3
1704083400.0	8-3	95	6
1704083400.0	8-4	95	7
1704083400.0	8-5	220	17
1704083400.0	8-6	240	1
1704083400.0	8-7	240	2
1704083400.0	8-8	220	17
1704083400.0	8-9	95	8
1704083400.0	8-10	160	4
1704083400.0	0-0	100	4
1704083400.0	0-1	240	3
1704083400.0	0-2	240	4
1704083400.0	0-3	240	5
1704083400.0	0-4	220	17
1704083400.0	0-5	95	8
1704083400.0	0-6	100	5
1704083400.0	13-0	240	6
1704083400.0	13-1	95	9
1704083400.0	13-2	240	7
1704083400.0	13-3	150	7
1704083400.0	13-4	95	10
1704083400.0	13-5	150	7
1704083400.0	13-6	220	17
1704083400.0	13-7	220	17
1704083400.0	13-8	160	5
1704083400.0	2-0	220	17
1704083400.0	2-1	240	8
1704083400.0	2-2	95	11
1704083400.0	2-3	240	9
1704083400.0	2-4	95	11
1704083400.0	2-5	90	17
1704083400.0	2-6	90	17
1704083400.0	2-7	240	10
1704084300.0	7-0	110	1
1704084300.0	7-1	100	5
1704084300.0	7-2	260	1
1704084300.0	7-3	100	6
1704084300.0	7-4	170	1
1704084300.0	7-5	260	2
1704084300.0	7-6	170	2
1704084300.0	8-0	110	2
1704084300.0	8-1	180	1
1704084300.0	8-2	100	6
1704084300.0	8-3	110	3
1704084300.0	8-4	110	4
1704084300.0	8-5	240	11
1704084300.0	8-6	260	3
1704084300.0	8-7	260	4
1704084300.0	8-8	260	5
1704084300.0	8-9	110	5
1704084300.0	8-10	170	3
1704084300.0	0-0	100	6
1704084300.0	0-1	260	6
1704084300.0	0-2	260	7
1704084300.0	0-3	240	11
1704084300.0	0-4	260	8
1704084300.0	0-5	110	6
1704084300.0	0-6	110	7
1704084300.0	13-0	240	11
1704084300.0	13-1	110	8
1704084300.0	13-2	260	9
1704084300.0	13-3	170	4
1704084300.0	13-4	110	9
1704084300.0	13-5	180	2
1704084300.0	13-6	260	10
1704084300.0	13-7	260	11
1704084300.0	13-8	170	5
1704084300.0	2-0	260	12
1704084300.0	2-1	260	13
1704084300.0	2-2	100	7
1704084300.0	2-3	260	14
1704084300.0	2-4	110	10
1704084300.0	2-5	110	11
1704084300.0	2-6	100	8
1704084300.0	2-7	240	11
1704085200.0	7-0	120	1
1704085200.0	7-1	120	2
1704085200.0	7-2	300	1
1704085200.0	7-3	120	3
1704085200.0	7-4	200	19
1704085200.0	7-5	280	1
1704085200.0	7-6	200	20
1704085200.0	8-0	120	4
1704085200.0	8-1	200	21
1704085200.0	8-2	120	5
1704085200.0	8-3	120	6
1704085200.0	8-4	120	7
1704085200.0	8-5	280	2
1704085200.0	8-6	280	3
1704085200.0	8-7	280	4
1704085200.0	8-8	300	2
1704085200.0	8-9	120	8
1704085200.0	8-10	200	22
1704085200.0	0-0	120	9
1704085200.0	0-1	300	3
1704085200.0	0-2	300	4
1704085200.0	0-3	280	5
1704085200.0	0-4	300	5
1704085200.0	0-5	120	10
1704085200.0	0-6	130	7
1704085200.0	13-0	280	6
1704085200.0	13-1	120	11
1704085200.0	13-2	300	6
1704085200.0	13-3	200	23
1704085200.0	13-4	120	12
1704085200.0	13-5	200	24
1704085200.0	13-6	300	7
1704085200.0	13-7	300	8
1704085200.0	13-8	200	25
1704085200.0	2-0	300	9
1704085200.0	2-1	300	10
1704085200.0	2-2	120	13
1704085200.0	2-3	280	7
1704085200.0	2-4	120	14
1704085200.0	2-5	120	15
1704085200.0	2-6	130	8
1704085200.0	2-7	300	11
1704086100.0	7-0	150	8
1704086100.0	7-1	150	9
1704086100.0	7-2	360	1
1704086100.0	7-3	150	10
1704086100.0	7-4	240	12
1704086100.0	7-5	380	1
1704086100.0	7-6	240	13
1704086100.0	8-0	150	11
1704086100.0	8-1	240	14
1704086100.0	8-2	150	12
1704086100.0	8-3	150	13
1704086100.0	8-4	160	6
1704086100.0	8-5	360	2
1704086100.0	8-6	340	1
1704086100.0	8-7	360	3
1704086100.0	8-8	380	2
1704086100.0	8-9	140	8
1704086100.0	8-10	240	15
1704086100.0	0-0	150	14
1704086100.0	0-1	360	4
1704086100.0	0-2	360	5
1704086100.0	0-3	360	6
1704086100.0	0-4	360	7
1704086100.0	0-5	140	9
1704086100.0	0-6	140	10
1704086100.0	13-0	340	2
1704086100.0	13-1	150	15
1704086100.0	13-2	340	3
1704086100.0	13-3	240	16
1704086100.0	13-4	150	16
1704086100.0	13-5	240	17
1704086100.0	13-6	360	8
1704086100.0	13-7	360	9
1704086100.0	13-8	240	18
1704086100.0	2-0	360	10
1704086100.0	2-1	340	4
1704086100.0	2-2	150	17
1704086100.0	2-3	360	11
1704086100.0	2-4	150	18
1704086100.0	2-5	150	19
1704086100.0	2-6	160	7
1704086100.0	2-7	340	5
1704087000.0	7-0	190	1
1704087000.0	7-1	170	6
1704087000.0	7-2	440	1
1704087000.0	7-3	180	3
1704087000.0	7-4	320	1
1704087000.0	7-5	440	2
1704087000.0	7-6	300	12
1704087000.0	8-0	190	2
1704087000.0	8-1	300	13
1704087000.0	8-2	170	7
1704087000.0	8-3	190	3
1704087000.0	8-4	190	4
1704087000.0	8-5	440	3
1704087000.0	8-6	440	4
1704087000.0	8-7	440	5
1704087000.0	8-8	440	6
1704087000.0	8-9	190	5
1704087000.0	8-10	300	14
1704087000.0	0-0	190	6
1704087000.0	0-1	400	1
1704087000.0	0-2	440	7
1704087000.0	0-3	440	8
1704087000.0	0-4	440	9
1704087000.0	0-5	190	7
1704087000.0	0-6	190	8
1704087000.0	13-0	440	10
1704087000.0	13-1	180	4
1704087000.0	13-2	440	11
1704087000.0	13-3	320	2
1704087000.0	13-4	180	5
1704087000.0	13-5	300	15
1704087000.0	13-6	400	2
1704087000.0	13-7	440	12
1704087000.0	13-8	300	16
1704087000.0	2-0	440	13
1704087000.0	2-1	440	14
1704087000.0	2-2	190	9
1704087000.0	2-3	440	15
1704087000.0	2-4	190	10
1704087000.0	2-5	180	6
1704087000.0	2-6	170	8
1704087000.0	2-7	440	16
1704087900.0	7-0	220	18
1704087900.0	7-1	220	19
1704087900.0	7-2	480	1
1704087900.0	7-3	220	20
1704087900.0	7-4	360	12
1704087900.0	7-5	520	1
1704087900.0	7-6	360	13
1704087900.0	8-0	220	21
1704087900.0	8-1	340	6
1704087900.0	8-2	220	22
1704087900.0	8-3	220	23
1704087900.0	8-4	220	24
1704087900.0	8-5	560	1
1704087900.0	8-6	520	2
1704087900.0	8-7	480	2
1704087900.0	8-8	560	2
1704087900.0	8-9	220	25
1704087900.0	8-10	360	14
1704087900.0	0-0	220	26
1704087900.0	0-1	520	3
1704087900.0	0-2	520	4
1704087900.0	0-3	520	5
1704087900.0	0-4	520	6
1704087900.0	0-5	200	24
1704087900.0	0-6	220	27
1704087900.0	13-0	520	7
1704087900.0	13-1	220	28
1704087900.0	13-2	480	3
1704087900.0	13-3	360	15
1704087900.0	13-4	200	25
1704087900.0	13-5	360	16
1704087900.0	13-6	520	8
1704087900.0	13-7	520	9
1704087900.0	13-8	360	17
1704087900.0	2-0	520	10
1704087900.0	2-1	560	3
1704087900.0	2-2	220	29
1704087900.0	2-3	520	11
1704087900.0	2-4	220	30
1704087900.0	2-5	220	31
1704087900.0	2-6	220	32
1704087900.0	2-7	520	12
1704088800.0	7-0	240	19
1704088800.0	7-1	240	20
1704088800.0	7-2	600	1
1704088800.0	7-3	260	15
1704088800.0	7-4	400	3
1704088800.0	7-5	560	4
1704088800.0	7-6	400	4
1704088800.0	8-0	260	16
1704088800.0	8-1	400	5
1704088800.0	8-2	240	21
1704088800.0	8-3	240	22
1704088800.0	8-4	260	17
1704088800.0	8-5	560	4
1704088800.0	8-6	600	2
1704088800.0	8-7	560	5
1704088800.0	8-8	560	5
1704088800.0	8-9	260	18
1704088800.0	8-10	400	6
1704088800.0	0-0	260	19
1704088800.0	0-1	600	3
1704088800.0	0-2	600	4
1704088800.0	0-3	600	5
1704088800.0	0-4	600	6
1704088800.0	0-5	240	23
1704088800.0	0-6	240	24
1704088800.0	13-0	560	6
1704088800.0	13-1	260	20
1704088800.0	13-2	600	7
1704088800.0	13-3	400	7
1704088800.0	13-4	260	21
1704088800.0	13-5	440	17
1704088800.0	13-6	600	8
1704088800.0	13-7	600	9
1704088800.0	13-8	380	3
1704088800.0	2-0	600	10
1704088800.0	2-1	600	11
1704088800.0	2-2	260	22
1704088800.0	2-3	600	12
1704088800.0	2-4	240	25
1704088800.0	2-5	240	26
1704088800.0	2-6	260	23
1704088800.0	2-7	560	7
1704089700.0	7-0	280	8
1704089700.0	7-1	260	24
1704089700.0	7-2	640	1
1704089700.0	7-3	280	9
1704089700.0	7-4	440	18
1704089700.0	7-5	600	13
1704089700.0	7-6	440	19
1704089700.0	8-0	280	10
1704089700.0	8-1	440	20
1704089700.0	8-2	280	11
1704089700.0	8-3	260	25
1704089700.0	8-4	280	12
1704089700.0	8-5	640	2
1704089700.0	8-6	640	3
1704089700.0	8-7	600	14
1704089700.0	8-8	680	1
1704089700.0	8-9	280	13
1704089700.0	8-10	440	21
1704089700.0	0-0	260	25
1704089700.0	0-1	640	4
1704089700.0	0-2	640	5
1704089700.0	0-3	640	6
1704089700.0	0-4	600	14
1704089700.0	0-5	260	26
1704089700.0	0-6	260	27
1704089700.0	13-0	680	2
1704089700.0	13-1	260	27
1704089700.0	13-2	640	7
1704089700.0	13-3	440	22
1704089700.0	13-4	260	27
1704089700.0	13-5	440	22
1704089700.0	13-6	640	8
1704089700.0	13-7	640	9
1704089700.0	13-8	440	23
1704089700.0	2-0	640	10
1704089700.0	2-1	640	11
1704089700.0	2-2	260	27
1704089700.0	2-3	640	12
1704089700.0	2-4	260	28
1704089700.0	2-5	280	14
1704089700.0	2-6	260	28
1704089700.0	2-7	600	15
1704090600.0	7-0	300	17
1704090600.0	7-1	280	15
1704090600.0	7-2	640	12
1704090600.0	7-3	300	18
1704090600.0	7-4	440	23
1704090600.0	7-5	680	3
1704090600.0	7-6	440	23
1704090600.0	8-0	280	15
1704090600.0	8-1	440	23
1704090600.0	8-2	280	15
1704090600.0	8-3	300	19
1704090600.0	8-4	280	15
1704090600.0	8-5	720	1
1704090600.0	8-6	680	4
1704090600.0	8-7	640	13
1704090600.0	8-8	720	2
1704090600.0	8-9	300	20
1704090600.0	8-10	480	4
1704090600.0	0-0	280	16
1704090600.0	0-1	680	5
1704090600.0	0-2	680	6
1704090600.0	0-3	640	13
1704090600.0	0-4	720	3
1704090600.0	0-5	280	17
1704090600.0	0-6	280	18
1704090600.0	13-0	720	4
1704090600.0	13-1	280	19
1704090600.0	13-2	680	7
1704090600.0	13-3	480	5
1704090600.0	13-4	280	20
1704090600.0	13-5	480	6
1704090600.0	13-6	680	8
1704090600.0	13-7	680	9
1704090600.0	13-8	480	7
1704090600.0	2-0	720	5
1704090600.0	2-1	640	13
1704090600.0	2-2	300	21
1704090600.0	2-3	680	10
1704090600.0	2-4	280	21
1704090600.0	2-5	280	21
1704090600.0	2-6	280	22
1704090600.0	2-7	680	11
1704091500.0	7-0	300	21
1704091500.0	7-1	300	22
1704091500.0	7-2	680	12
1704091500.0	7-3	300	22
1704091500.0	7-4	480	8
1704091500.0	7-5	680	12
1704091500.0	7-6	480	9
1704091500.0	8-0	300	23
1704091500.0	8-1	480	10
1704091500.0	8-2	280	22
1704091500.0	8-3	280	23
1704091500.0	8-4	300	24
1704091500.0	8-5	720	5
1704091500.0	8-6	720	6
1704091500.0	8-7	680	13
1704091500.0	8-8	720	6
1704091500.0	8-9	280	23
1704091500.0	8-10	480	10
1704091500.0	0-0	300	25
1704091500.0	0-1	720	7
1704091500.0	0-2	680	13
1704091500.0	0-3	720	8
1704091500.0	0-4	720	8
1704091500.0	0-5	300	26
1704091500.0	0-6	300	27
1704091500.0	13-0	720	8
1704091500.0	13-1	280	23
1704091500.0	13-2	720	9
1704091500.0	13-3	480	10
1704091500.0	13-4	300	28
1704091500.0	13-5	480	10
1704091500.0	13-6	720	10
1704091500.0	13-7	720	11
1704091500.0	13-8	480	10
1704091500.0	2-0	720	11
1704091500.0	2-1	720	12
1704091500.0	2-2	280	24
1704091500.0	2-3	720	13
1704091500.0	2-4	280	24
1704091500.0	2-5	300	29
1704091500.0	2-6	300	30
1704091500.0	2-7	680	13
1704092400.0	7-0	280	24
1704092400.0	7-1	280	24
1704092400.0	7-2	680	13
1704092400.0	7-3	300	30
1704092400.0	7-4	480	10
1704092400.0	7-5	720	14
1704092400.0	7-6	480	10
1704092400.0	8-0	300	30
1704092400.0	8-1	480	10
1704092400.0	8-2	280	24
1704092400.0	8-3	300	30
1704092400.0	8-4	300	30
1704092400.0	8-5	720	14
1704092400.0	8-6	720	14
1704092400.0	8-7	720	15
1704092400.0	8-8	680	13
1704092400.0	8-9	300	30
1704092400.0	8-10	520	13
1704092400.0	0-0	300	30
1704092400.0	0-1	720	15
1704092400.0	0-2	720	16
1704092400.0	0-3	720	16
1704092400.0	0-4	680	14
1704092400.0	0-5	300	30
1704092400.0	0-6	300	30
1704092400.0	13-0	720	16
1704092400.0	13-1	300	31
1704092400.0	13-2	720	16
1704092400.0	13-3	480	10
1704092400.0	13-4	300	31
1704092400.0	13-5	480	10
1704092400.0	13-6	680	14
1704092400.0	13-7	680	14
1704092400.0	13-8	480	10
1704092400.0	2-0	680	15
1704092400.0	2-1	720	16
1704092400.0	2-2	280	24
1704092400.0	2-3	720	16
1704092400.0	2-4	300	32
1704092400.0	2-5	300	32
1704092400.0	2-6	300	32
1704092400.0	2-7	760	1
1704093300.0	7-0	300	21
1704093300.0	7-1	300	21
1704093300.0	7-2	720	17
1704093300.0	7-3	280	17
1704093300.0	7-4	520	14
1704093300.0	7-5	680	15
1704093300.0	7-6	520	15
1704093300.0	8-0	300	21
1704093300.0	8-1	520	16
1704093300.0	8-2	300	22
1704093300.0	8-3	320	3
1704093300.0	8-4	300	22
1704093300.0	8-5	760	2
1704093300.0	8-6	680	15
1704093300.0	8-7	720	17
1704093300.0	8-8	720	17
1704093300.0	8-9	300	22
1704093300.0	8-10	520	16
1704093300.0	0-0	300	22
1704093300.0	0-1	680	15
1704093300.0	0-2	720	17
1704093300.0	0-3	760	3
1704093300.0	0-4	720	17
1704093300.0	0-5	300	22
1704093300.0	0-6	300	22
1704093300.0	13-0	720	17
1704093300.0	13-1	300	22
1704093300.0	13-2	760	4
1704093300.0	13-3	480	10
1704093300.0	13-4	300	22
1704093300.0	13-5	480	10
1704093300.0	13-6	680	15
1704093300.0	13-7	760	5
1704093300.0	13-8	480	10
1704093300.0	2-0	680	15
1704093300.0	2-1	680	16
1704093300.0	2-2	300	22
1704093300.0	2-3	720	17
1704093300.0	2-4	280	17
1704093300.0	2-5	300	22
1704093300.0	2-6	300	22
1704093300.0	2-7	680	16
1704094200.0	7-0	300	22
1704094200.0	7-1	300	22
1704094200.0	7-2	760	6
1704094200.0	7-3	280	17
1704094200.0	7-4	480	10
1704094200.0	7-5	760	7
1704094200.0	7-6	480	10
1704094200.0	8-0	300	22
1704094200.0	8-1	520	16
1704094200.0	8-2	280	17
1704094200.0	8-3	280	17
1704094200.0	8-4	300	22
1704094200.0	8-5	760	7
1704094200.0	8-6	680	16
1704094200.0	8-7	720	17
1704094200.0	8-8	760	8
1704094200.0	8-9	300	22
1704094200.0	8-10	480	10
1704094200.0	0-0	280	17
1704094200.0	0-1	760	9
1704094200.0	0-2	760	10
1704094200.0	0-3	720	17
1704094200.0	0-4	720	17
1704094200.0	0-5	320	4
1704094200.0	0-6	280	17
1704094200.0	13-0	720	17
1704094200.0	13-1	300	22
1704094200.0	13-2	720	17
1704094200.0	13-3	480	10
1704094200.0	13-4	280	17
1704094200.0	13-5	480	10
1704094200.0	13-6	680	16
1704094200.0	13-7	680	16
1704094200.0	13-8	480	10
1704094200.0	2-0	760	11
1704094200.0	2-1	760	12
1704094200.0	2-2	300	22
1704094200.0	2-3	720	17
1704094200.0	2-4	300	22
1704094200.0	2-5	320	5
1704094200.0	2-6	300	22
1704094200.0	2-7	720	18
1704095100.0	7-0	300	17
1704095100.0	7-1	300	17
1704095100.0	7-2	720	18
1704095100.0	7-3	300	17
1704095100.0	7-4	480	10
1704095100.0	7-5	680	16
1704095100.0	7-6	480	10
1704095100.0	8-0	300	17
1704095100.0	8-1	480	10
1704095100.0	8-2	300	17
1704095100.0	8-3	300	17
1704095100.0	8-4	280	17
1704095100.0	8-5	680	17
1704095100.0	8-6	680	17
1704095100.0	8-7	720	18
1704095100.0	8-8	720	18
1704095100.0	8-9	300	17
1704095100.0	8-10	480	10
1704095100.0	0-0	300	17
1704095100.0	0-1	680	17
1704095100.0	0-2	680	17
1704095100.0	0-3	680	18
1704095100.0	0-4	720	18
1704095100.0	0-5	280	17
1704095100.0	0-6	280	17
1704095100.0	13-0	720	18
1704095100.0	13-1	300	17
1704095100.0	13-2	680	18
1704095100.0	13-3	480	10
1704095100.0	13-4	300	17
1704095100.0	13-5	480	10
1704095100.0	13-6	720	18
1704095100.0	13-7	720	18
1704095100.0	13-8	480	10
1704095100.0	2-0	720	18
1704095100.0	2-1	720	18
1704095100.0	2-2	280	17
1704095100.0	2-3	680	18
1704095100.0	2-4	300	17
1704095100.0	2-5	300	17
1704095100.0	2-6	280	17
1704095100.0	2-7	720	18
1704096000.0	7-0	280	17
1704096000.0	7-1	300	17
1704096000.0	7-2	680	18
1704096000.0	7-3	300	17
1704096000.0	7-4	440	7
1704096000.0	7-5	680	18
1704096000.0	7-6	440	7
1704096000.0	8-0	280	17
1704096000.0	8-1	440	7
1704096000.0	8-2	280	17
1704096000.0	8-3	300	17
1704096000.0	8-4	280	17
1704096000.0	8-5	720	18
1704096000.0	8-6	720	18
1704096000.0	8-7	680	18
1704096000.0	8-8	680	18
1704096000.0	8-9	280	17
1704096000.0	8-10	480	7
1704096000.0	0-0	280	17
1704096000.0	0-1	720	18
1704096000.0	0-2	720	18
1704096000.0	0-3	680	18
1704096000.0	0-4	720	18
1704096000.0	0-5	300	17
1704096000.0	0-6	280	17
1704096000.0	13-0	640	14
1704096000.0	13-1	280	17
1704096000.0	13-2	720	18
1704096000.0	13-3	480	7
1704096000.0	13-4	280	17
1704096000.0	13-5	480	7
1704096000.0	13-6	680	18
1704096000.0	13-7	680	18
1704096000.0	13-8	440	7
1704096000.0	2-0	680	18
1704096000.0	2-1	680	18
1704096000.0	2-2	280	17
1704096000.0	2-3	720	18
1704096000.0	2-4	280	17
1704096000.0	2-5	300	17
1704096000.0	2-6	300	17
1704096000.0	2-7	720	18
1704096900.0	7-0	280	17
1704096900.0	7-1	300	17
1704096900.0	7-2	680	18
1704096900.0	7-3	280	17
1704096900.0	7-4	480	7
1704096900.0	7-5	680	18
1704096900.0	7-6	440	7
1704096900.0	8-0	280	17
1704096900.0	8-1	480	7
1704096900.0	8-2	300	17
1704096900.0	8-3	300	17
1704096900.0	8-4	280	17
1704096900.0	8-5	640	14
1704096900.0	8-6	680	18
1704096900.0	8-7	680	18
1704096900.0	8-8	680	18
1704096900.0	8-9	280	17
1704096900.0	8-10	440	7
1704096900.0	0-0	300	17
1704096900.0	0-1	680	18
1704096900.0	0-2	680	18
1704096900.0	0-3	720	18
1704096900.0	0-4	640	15
1704096900.0	0-5	280	17
1704096900.0	0-6	300	17
1704096900.0	13-0	640	15
1704096900.0	13-1	280	17
1704096900.0	13-2	680	18
1704096900.0	13-3	440	7
1704096900.0	13-4	260	10
1704096900.0	13-5	480	7
1704096900.0	13-6	720	18
1704096900.0	13-7	680	18
1704096900.0	13-8	440	7
1704096900.0	2-0	680	18
1704096900.0	2-1	680	18
1704096900.0	2-2	300	17
1704096900.0	2-3	680	18
1704096900.0	2-4	280	17
1704096900.0	2-5	280	17
1704096900.0	2-6	280	17
1704096900.0	2-7	680	18
1704097800.0	7-0	280	17
1704097800.0	7-1	280	17
1704097800.0	7-2	680	17
1704097800.0	7-3	280	17
1704097800.0	7-4	440	6
1704097800.0	7-5	680	17
1704097800.0	7-6	480	7
1704097800.0	8-0	280	17
1704097800.0	8-1	480	7
1704097800.0	8-2	280	17
1704097800.0	8-3	280	17
1704097800.0	8-4	280	17
1704097800.0	8-5	640	7
1704097800.0	8-6	680	17
1704097800.0	8-7	640	7
1704097800.0	8-8	680	17
1704097800.0	8-9	280	17
1704097800.0	8-10	440	6
1704097800.0	0-0	280	17
1704097800.0	0-1	640	8
1704097800.0	0-2	640	9
1704097800.0	0-3	640	9
1704097800.0	0-4	680	17
1704097800.0	0-5	260	2
1704097800.0	0-6	280	17
1704097800.0	13-0	640	9
1704097800.0	13-1	260	3
1704097800.0	13-2	640	10
1704097800.0	13-3	480	7
1704097800.0	13-4	280	17
1704097800.0	13-5	440	7
1704097800.0	13-6	640	11
1704097800.0	13-7	680	17
1704097800.0	13-8	440	7
1704097800.0	2-0	640	12
1704097800.0	2-1	680	17
1704097800.0	2-2	260	4
1704097800.0	2-3	680	17
1704097800.0	2-4	280	17
1704097800.0	2-5	280	17
1704097800.0	2-6	280	17
1704097800.0	2-7	680	17
1704098700.0	7-0	260	5
1704098700.0	7-1	260	6
1704098700.0	7-2	680	17
1704098700.0	7-3	280	17
1704098700.0	7-4	440	7
1704098700.0	7-5	680	17
1704098700.0	7-6	440	7
1704098700.0	8-0	260	7
1704098700.0	8-1	440	7
1704098700.0	8-2	280	17
1704098700.0	8-3	260	8
1704098700.0	8-4	280	17
1704098700.0	8-5	640	10
1704098700.0	8-6	640	11
1704098700.0	8-7	640	11
1704098700.0	8-8	640	12
1704098700.0	8-9	260	9
1704098700.0	8-10	440	7
1704098700.0	0-0	280	17
1704098700.0	0-1	680	17
1704098700.0	0-2	640	12
1704098700.0	0-3	640	12
1704098700.0	0-4	640	12
1704098700.0	0-5	260	9
1704098700.0	0-6	280	17
1704098700.0	13-0	640	12
1704098700.0	13-1	260	9
1704098700.0	13-2	640	12
1704098700.0	13-3	480	7
1704098700.0	13-4	280	17
1704098700.0	13-5	440	7
1704098700.0	13-6	680	17
1704098700.0	13-7	600	1
1704098700.0	13-8	440	7
1704098700.0	2-0	640	12
1704098700.0	2-1	640	13
1704098700.0	2-2	260	9
1704098700.0	2-3	640	14
1704098700.0	2-4	280	17
1704098700.0	2-5	260	10
1704098700.0	2-6	260	11
1704098700.0	2-7	680	17
1704099600.0	7-0	280	17
1704099600.0	7-1	260	11
1704099600.0	7-2	640	15
1704099600.0	7-3	280	17
1704099600.0	7-4	440	7
1704099600.0	7-5	640	16
1704099600.0	7-6	440	7
1704099600.0	8-0	280	17
1704099600.0	8-1	400	1
1704099600.0	8-2	280	17
1704099600.0	8-3	260	11
1704099600.0	8-4	260	12
1704099600.0	8-5	600	2
1704099600.0	8-6	640	16
1704099600.0	8-7	640	16
1704099600.0	8-8	640	16
1704099600.0	8-9	260	12
1704099600.0	8-10	440	7
1704099600.0	0-0	280	17
1704099600.0	0-1	600	3
1704099600.0	0-2	640	16
1704099600.0	0-3	640	16
1704099600.0	0-4	600	4
1704099600.0	0-5	280	17
1704099600.0	0-6	260	13
1704099600.0	13-0	640	16
1704099600.0	13-1	260	13
1704099600.0	13-2	600	5
1704099600.0	13-3	440	7
1704099600.0	13-4	280	17
1704099600.0	13-5	440	7
1704099600.0	13-6	640	16
1704099600.0	13-7	640	17
1704099600.0	13-8	440	7
1704099600.0	2-0	600	6
1704099600.0	2-1	600	7
1704099600.0	2-2	260	13
1704099600.0	2-3	600	8
1704099600.0	2-4	260	14
1704099600.0	2-5	260	14
1704099600.0	2-6	260	14
1704099600.0	2-7	640	18
1704100500.0	7-0	260	14
1704100500.0	7-1	240	1
1704100500.0	7-2	600	9
1704100500.0	7-3	260	15
1704100500.0	7-4	440	7
1704100500.0	7-5	640	18
1704100500.0	7-6	440	7
1704100500.0	8-0	260	15
1704100500.0	8-1	440	7
1704100500.0	8-2	260	16
1704100500.0	8-3	260	16
1704100500.0	8-4	260	16
1704100500.0	8-5	600	9
1704100500.0	8-6	600	10
1704100500.0	8-7	640	18
1704100500.0	8-8	640	18
1704100500.0	8-9	280	17
1704100500.0	8-10	400	2
1704100500.0	0-0	260	17
1704100500.0	0-1	640	18
1704100500.0	0-2	640	18
1704100500.0	0-3	600	11
1704100500.0	0-4	600	11
1704100500.0	0-5	280	17
1704100500.0	0-6	260	17
1704100500.0	13-0	640	18
1704100500.0	13-1	260	17
1704100500.0	13-2	600	11
1704100500.0	13-3	440	7
1704100500.0	13-4	260	17
1704100500.0	13-5	400	3
1704100500.0	13-6	600	12
1704100500.0	13-7	640	18
1704100500.0	13-8	440	7
1704100500.0	2-0	640	18
1704100500.0	2-1	600	12
1704100500.0	2-2	260	17
1704100500.0	2-3	640	18
1704100500.0	2-4	260	17
1704100500.0	2-5	260	17
1704100500.0	2-6	260	17
1704100500.0	2-7	640	18
1704101400.0	7-0	260	17
1704101400.0	7-1	260	17
1704101400.0	7-2	600	12
1704101400.0	7-3	260	17
1704101400.0	7-4	400	4
1704101400.0	7-5	600	13
1704101400.0	7-6	400	5
1704101400.0	8-0	260	17
1704101400.0	8-1	400	5
1704101400.0	8-2	260	17
1704101400.0	8-3	260	17
1704101400.0	8-4	260	17
1704101400.0	8-5	600	13
1704101400.0	8-6	600	13
1704101400.0	8-7	600	14
1704101400.0	8-8	640	18
1704101400.0	8-9	240	2
1704101400.0	8-10	440	7
1704101400.0	0-0	260	17
1704101400.0	0-1	600	14
1704101400.0	0-2	600	15
1704101400.0	0-3	600	15
1704101400.0	0-4	640	18
1704101400.0	0-5	260	17
1704101400.0	0-6	260	17
1704101400.0	13-0	640	18
1704101400.0	13-1	260	17
1704101400.0	13-2	600	15
1704101400.0	13-3	440	7
1704101400.0	13-4	240	3
1704101400.0	13-5	440	7
1704101400.0	13-6	600	15
1704101400.0	13-7	600	15
1704101400.0	13-8	440	7
1704101400.0	2-0	640	18
1704101400.0	2-1	600	15
1704101400.0	2-2	240	4
1704101400.0	2-3	600	15
1704101400.0	2-4	260	17
1704101400.0	2-5	240	5
1704101400.0	2-6	240	6
1704101400.0	2-7	640	18
1704102300.0	7-0	260	17
1704102300.0	7-1	260	17
1704102300.0	7-2	640	18
1704102300.0	7-3	260	17
1704102300.0	7-4	440	7
1704102300.0	7-5	600	15
1704102300.0	7-6	400	5
1704102300.0	8-0	260	17
1704102300.0	8-1	440	7
1704102300.0	8-2	260	17
1704102300.0	8-3	240	7
1704102300.0	8-4	260	17
1704102300.0	8-5	600	15
1704102300.0	8-6	640	18
1704102300.0	8-7	600	15
1704102300.0	8-8	600	16
1704102300.0	8-9	240	7
1704102300.0	8-10	400	5
1704102300.0	0-0	240	8
1704102300.0	0-1	600	16
1704102300.0	0-2	600	16
1704102300.0	0-3	600	16
1704102300.0	0-4	600	16
1704102300.0	0-5	240	9
1704102300.0	0-6	260	17
1704102300.0	13-0	600	17
1704102300.0	13-1	240	10
1704102300.0	13-2	600	17
1704102300.0	13-3	400	6
1704102300.0	13-4	260	17
1704102300.0	13-5	400	6
1704102300.0	13-6	600	17
1704102300.0	13-7	640	18
1704102300.0	13-8	440	7
1704102300.0	2-0	600	17
1704102300.0	2-1	600	17
1704102300.0	2-2	260	17
1704102300.0	2-3	600	17
1704102300.0	2-4	260	17
1704102300.0	2-5	240	10
1704102300.0	2-6	260	17
1704102300.0	2-7	640	18
1704103200.0	7-0	260	17
1704103200.0	7-1	260	17
1704103200.0	7-2	600	17
1704103200.0	7-3	260	17
1704103200.0	7-4	400	6
1704103200.0	7-5	640	18
1704103200.0	7-6	400	6
1704103200.0	8-0	260	17
1704103200.0	8-1	440	7
1704103200.0	8-2	240	11
1704103200.0	8-3	260	17
1704103200.0	8-4	260	17
1704103200.0	8-5	600	17
1704103200.0	8-6	600	17
1704103200.0	8-7	600	17
1704103200.0	8-8	600	17
1704103200.0	8-9	260	17
1704103200.0	8-10	440	7
1704103200.0	0-0	260	17
1704103200.0	0-1	640	18
1704103200.0	0-2	640	18
1704103200.0	0-3	600	17
1704103200.0	0-4	600	17
1704103200.0	0-5	260	17
1704103200.0	0-6	240	12
1704103200.0	13-0	640	18
1704103200.0	13-1	260	17
1704103200.0	13-2	640	18
1704103200.0	13-3	440	7
1704103200.0	13-4	240	12
1704103200.0	13-5	400	6
1704103200.0	13-6	640	18
1704103200.0	13-7	600	17
1704103200.0	13-8	440	7
1704103200.0	2-0	640	18
1704103200.0	2-1	600	17
1704103200.0	2-2	260	17
1704103200.0	2-3	600	17
1704103200.0	2-4	260	17
1704103200.0	2-5	260	17
1704103200.0	2-6	260	17
1704103200.0	2-7	600	18
1704104100.0	7-0	240	13
1704104100.0	7-1	240	13
1704104100.0	7-2	600	18
1704104100.0	7-3	260	17
1704104100.0	7-4	400	6
1704104100.0	7-5	640	18
1704104100.0	7-6	440	7
1704104100.0	8-0	240	14
1704104100.0	8-1	440	7
1704104100.0	8-2	260	17
1704104100.0	8-3	260	17
1704104100.0	8-4	260	17
1704104100.0	8-5	640	18
1704104100.0	8-6	600	18
1704104100.0	8-7	640	18
1704104100.0	8-8	640	18
1704104100.0	8-9	260	17
1704104100.0	8-10	400	6
1704104100.0	0-0	260	17
1704104100.0	0-1	600	18
1704104100.0	0-2	600	18
1704104100.0	0-3	600	18
1704104100.0	0-4	600	18
1704104100.0	0-5	240	14
1704104100.0	0-6	260	17
1704104100.0	13-0	600	18
1704104100.0	13-1	260	17
1704104100.0	13-2	640	18
1704104100.0	13-3	400	6
1704104100.0	13-4	260	17
1704104100.0	13-5	440	7
1704104100.0	13-6	640	18
1704104100.0	13-7	640	18
1704104100.0	13-8	440	7
1704104100.0	2-0	600	18
1704104100.0	2-1	600	18
1704104100.0	2-2	240	14
1704104100.0	2-3	600	18
1704104100.0	2-4	260	17
1704104100.0	2-5	260	17
1704104100.0	2-6	260	17
1704104100.0	2-7	600	18
1704105000.0	7-0	260	17
1704105000.0	7-1	240	14
1704105000.0	7-2	640	18
1704105000.0	7-3	260	17
1704105000.0	7-4	440	7
1704105000.0	7-5	640	18
1704105000.0	7-6	400	6
1704105000.0	8-0	260	17
1704105000.0	8-1	440	7
1704105000.0	8-2	260	17
1704105000.0	8-3	260	17
1704105000.0	8-4	260	17
1704105000.0	8-5	600	18
1704105000.0	8-6	600	18
1704105000.0	8-7	600	18
1704105000.0	8-8	640	18
1704105000.0	8-9	260	17
1704105000.0	8-10	440	7
1704105000.0	0-0	260	17
1704105000.0	0-1	600	18
1704105000.0	0-2	600	18
1704105000.0	0-3	640	18
1704105000.0	0-4	640	18
1704105000.0	0-5	240	14
1704105000.0	0-6	260	17
1704105000.0	13-0	600	18
1704105000.0	13-1	260	17
1704105000.0	13-2	640	18
1704105000.0	13-3	400	6
1704105000.0	13-4	260	17
1704105000.0	13-5	440	7
1704105000.0	13-6	600	18
1704105000.0	13-7	600	18
1704105000.0	13-8	440	7
1704105000.0	2-0	640	18
1704105000.0	2-1	640	18
1704105000.0	2-2	240	14
1704105000.0	2-3	600	18
1704105000.0	2-4	280	15
1704105000.0	2-5	260	17
1704105000.0	2-6	260	17
1704105000.0	2-7	640	18
1704105900.0	7-0	260	17
1704105900.0	7-1	260	17
1704105900.0	7-2	640	18
1704105900.0	7-3	260	17
1704105900.0	7-4	440	7
1704105900.0	7-5	600	18
1704105900.0	7-6	440	7
1704105900.0	8-0	280	11
1704105900.0	8-1	440	7
1704105900.0	8-2	260	17
1704105900.0	8-3	280	12
1704105900.0	8-4	260	17
1704105900.0	8-5	640	18
1704105900.0	8-6	600	18
1704105900.0	8-7	640	18
1704105900.0	8-8	640	18
1704105900.0	8-9	260	17
1704105900.0	8-10	440	7
1704105900.0	0-0	260	17
1704105900.0	0-1	600	18
1704105900.0	0-2	600	18
1704105900.0	0-3	640	18
1704105900.0	0-4	600	18
1704105900.0	0-5	260	17
1704105900.0	0-6	260	17
1704105900.0	13-0	640	18
1704105900.0	13-1	260	17
1704105900.0	13-2	600	18
1704105900.0	13-3	440	7
1704105900.0	13-4	260	17
1704105900.0	13-5	440	7
1704105900.0	13-6	600	18
1704105900.0	13-7	640	18
1704105900.0	13-8	440	7
1704105900.0	2-0	600	18
1704105900.0	2-1	600	18
1704105900.0	2-2	280	13
1704105900.0	2-3	640	18
1704105900.0	2-4	260	17
1704105900.0	2-5	260	17
1704105900.0	2-6	280	14
1704105900.0	2-7	600	18
1704106800.0	7-0	280	12
1704106800.0	7-1	260	17
1704106800.0	7-2	680	1
1704106800.0	7-3	260	17
1704106800.0	7-4	440	7
1704106800.0	7-5	680	2
1704106800.0	7-6	480	1
1704106800.0	8-0	280	12
1704106800.0	8-1	480	2
1704106800.0	8-2	280	12
1704106800.0	8-3	280	12
1704106800.0	8-4	260	17
1704106800.0	8-5	640	18
1704106800.0	8-6	640	18
1704106800.0	8-7	640	18
1704106800.0	8-8	640	18
1704106800.0	8-9	260	17
1704106800.0	8-10	440	7
1704106800.0	0-0	260	17
1704106800.0	0-1	680	3
1704106800.0	0-2	640	18
1704106800.0	0-3	680	4
1704106800.0	0-4	640	18
1704106800.0	0-5	260	17
1704106800.0	0-6	280	13
1704106800.0	13-0	640	18
1704106800.0	13-1	280	14
1704106800.0	13-2	600	18
1704106800.0	13-3	480	3
1704106800.0	13-4	260	17
1704106800.0	13-5	440	7
1704106800.0	13-6	640	18
1704106800.0	13-7	640	18
1704106800.0	13-8	440	7
1704106800.0	2-0	680	5
1704106800.0	2-1	680	6
1704106800.0	2-2	260	17
1704106800.0	2-3	640	18
1704106800.0	2-4	260	17
1704106800.0	2-5	280	15
1704106800.0	2-6	260	17
1704106800.0	2-7	640	18
1704107700.0	7-0	280	12
1704107700.0	7-1	260	17
1704107700.0	7-2	640	18
1704107700.0	7-3	280	13
1704107700.0	7-4	440	7
1704107700.0	7-5	680	6
1704107700.0	7-6	440	7
1704107700.0	8-0	280	13
1704107700.0	8-1	440	7
1704107700.0	8-2	280	13
1704107700.0	8-3	260	17
1704107700.0	8-4	280	14
1704107700.0	8-5	680	7
1704107700.0	8-6	640	18
1704107700.0	8-7	680	8
1704107700.0	8-8	680	9
1704107700.0	8-9	280	14
1704107700.0	8-10	440	7
1704107700.0	0-0	280	15
1704107700.0	0-1	680	9
1704107700.0	0-2	680	10
1704107700.0	0-3	640	18
1704107700.0	0-4	640	18
1704107700.0	0-5	280	15
1704107700.0	0-6	280	15
1704107700.0	13-0	640	18
1704107700.0	13-1	280	15
1704107700.0	13-2	680	11
1704107700.0	13-3	480	3
1704107700.0	13-4	260	17
1704107700.0	13-5	440	7
1704107700.0	13-6	680	12
1704107700.0	13-7	680	13
1704107700.0	13-8	480	4
1704107700.0	2-0	640	18
1704107700.0	2-1	680	13
1704107700.0	2-2	280	15
1704107700.0	2-3	680	14
1704107700.0	2-4	280	15
1704107700.0	2-5	280	15
1704107700.0	2-6	260	17
1704107700.0	2-7	680	15
1704108600.0	7-0	280	15
1704108600.0	7-1	280	16
1704108600.0	7-2	720	1
1704108600.0	7-3	280	16
1704108600.0	7-4	480	5
1704108600.0	7-5	720	2
1704108600.0	7-6	480	5
1704108600.0	8-0	280	16
1704108600.0	8-1	480	5
1704108600.0	8-2	280	16
1704108600.0	8-3	300	1
1704108600.0	8-4	300	2
1704108600.0	8-5	720	3
1704108600.0	8-6	680	16
1704108600.0	8-7	680	16
1704108600.0	8-8	680	16
1704108600.0	8-9	280	16
1704108600.0	8-10	480	6
1704108600.0	0-0	300	3
1704108600.0	0-1	680	16
1704108600.0	0-2	720	4
1704108600.0	0-3	720	5
1704108600.0	0-4	720	6
1704108600.0	0-5	300	4
1704108600.0	0-6	300	5
1704108600.0	13-0	680	17
1704108600.0	13-1	280	16
1704108600.0	13-2	680	17
1704108600.0	13-3	480	6
1704108600.0	13-4	300	6
1704108600.0	13-5	440	7
1704108600.0	13-6	680	17
1704108600.0	13-7	680	17
1704108600.0	13-8	440	7
1704108600.0	2-0	680	17
1704108600.0	2-1	720	7
1704108600.0	2-2	280	16
1704108600.0	2-3	720	8
1704108600.0	2-4	280	16
1704108600.0	2-5	280	16
1704108600.0	2-6	300	7
1704108600.0	2-7	720	9
1704109500.0	7-0	280	16
1704109500.0	7-1	280	16
1704109500.0	7-2	720	9
1704109500.0	7-3	300	8
1704109500.0	7-4	480	6
1704109500.0	7-5	720	9
1704109500.0	7-6	480	6
1704109500.0	8-0	280	16
1704109500.0	8-1	480	6
1704109500.0	8-2	300	9
1704109500.0	8-3	280	16
1704109500.0	8-4	300	9
1704109500.0	8-5	720	9
1704109500.0	8-6	720	10
1704109500.0	8-7	720	11
1704109500.0	8-8	720	12
1704109500.0	8-9	280	16
1704109500.0	8-10	480	6
1704109500.0	0-0	300	9
1704109500.0	0-1	680	17
1704109500.0	0-2	680	17
1704109500.0	0-3	720	12
1704109500.0	0-4	680	18
1704109500.0	0-5	300	9
1704109500.0	0-6	300	9
1704109500.0	13-0	680	18
1704109500.0	13-1	300	10
1704109500.0	13-2	720	13
1704109500.0	13-3	480	6
1704109500.0	13-4	300	10
1704109500.0	13-5	480	7
1704109500.0	13-6	720	14
1704109500.0	13-7	680	18
1704109500.0	13-8	480	7
1704109500.0	2-0	680	18
1704109500.0	2-1	720	14
1704109500.0	2-2	280	16
1704109500.0	2-3	680	18
1704109500.0	2-4	280	16
1704109500.0	2-5	280	16
1704109500.0	2-6	280	16
1704109500.0	2-7	680	18
1704110400.0	7-0	300	11
1704110400.0	7-1	280	16
1704110400.0	7-2	720	14
1704110400.0	7-3	300	11
1704110400.0	7-4	480	7
1704110400.0	7-5	720	14
1704110400.0	7-6	480	7
1704110400.0	8-0	300	12
1704110400.0	8-1	480	7
1704110400.0	8-2	300	12
1704110400.0	8-3	300	12
1704110400.0	8-4	280	16
1704110400.0	8-5	680	18
1704110400.0	8-6	720	14
1704110400.0	8-7	720	14
1704110400.0	8-8	720	14
1704110400.0	8-9	300	13
1704110400.0	8-10	520	1
1704110400.0	0-0	300	13
1704110400.0	0-1	720	15
1704110400.0	0-2	680	18
1704110400.0	0-3	720	15
1704110400.0	0-4	720	15
1704110400.0	0-5	280	16
1704110400.0	0-6	320	1
1704110400.0	13-0	720	16
1704110400.0	13-1	280	16
1704110400.0	13-2	680	18
1704110400.0	13-3	480	7
1704110400.0	13-4	280	17
1704110400.0	13-5	480	7
1704110400.0	13-6	680	18
1704110400.0	13-7	720	17
1704110400.0	13-8	480	7
1704110400.0	2-0	720	18
1704110400.0	2-1	760	1
1704110400.0	2-2	300	14
1704110400.0	2-3	720	18
1704110400.0	2-4	300	15
1704110400.0	2-5	300	16
1704110400.0	2-6	300	16
1704110400.0	2-7	680	18
1704111300.0	7-0	300	16
1704111300.0	7-1	300	17
1704111300.0	7-2	720	18
1704111300.0	7-3	300	17
1704111300.0	7-4	480	7
1704111300.0	7-5	680	18
1704111300.0	7-6	520	2
1704111300.0	8-0	300	17
1704111300.0	8-1	520	3
1704111300.0	8-2	280	17
1704111300.0	8-3	300	17
1704111300.0	8-4	300	17
1704111300.0	8-5	720	18
1704111300.0	8-6	680	18
1704111300.0	8-7	680	18
1704111300.0	8-8	680	18
1704111300.0	8-9	300	17
1704111300.0	8-10	480	7
1704111300.0	0-0	280	17
1704111300.0	0-1	720	18
1704111300.0	0-2	720	18
1704111300.0	0-3	720	18
1704111300.0	0-4	680	18
1704111300.0	0-5	280	17
1704111300.0	0-6	300	17
1704111300.0	13-0	720	18
1704111300.0	13-1	300	17
1704111300.0	13-2	720	18
1704111300.0	13-3	520	4
1704111300.0	13-4	280	17
1704111300.0	13-5	480	7
1704111300.0	13-6	720	18
1704111300.0	13-7	760	2
1704111300.0	13-8	480	7
1704111300.0	2-0	720	18
1704111300.0	2-1	680	18
1704111300.0	2-2	300	17
1704111300.0	2-3	680	18
1704111300.0	2-4	300	17
1704111300.0	2-5	280	17
1704111300.0	2-6	280	17
1704111300.0	2-7	680	18
1704112200.0	7-0	280	17
1704112200.0	7-1	300	17
1704112200.0	7-2	680	18
1704112200.0	7-3	300	17
1704112200.0	7-4	480	7
1704112200.0	7-5	680	18
1704112200.0	7-6	440	7
1704112200.0	8-0	300	17
1704112200.0	8-1	480	7
1704112200.0	8-2	280	17
1704112200.0	8-3	280	17
1704112200.0	8-4	280	17
1704112200.0	8-5	720	18
1704112200.0	8-6	680	18
1704112200.0	8-7	680	18
1704112200.0	8-8	720	18
1704112200.0	8-9	300	17
1704112200.0	8-10	480	7
1704112200.0	0-0	280	17
1704112200.0	0-1	680	18
1704112200.0	0-2	680	18
1704112200.0	0-3	680	18
1704112200.0	0-4	680	18
1704112200.0	0-5	300	17
1704112200.0	0-6	280	17
1704112200.0	13-0	720	18
1704112200.0	13-1	300	17
1704112200.0	13-2	720	18
1704112200.0	13-3	480	7
1704112200.0	13-4	280	17
1704112200.0	13-5	480	7
1704112200.0	13-6	720	18
1704112200.0	13-7	720	18
1704112200.0	13-8	480	7
1704112200.0	2-0	680	18
1704112200.0	2-1	720	18
1704112200.0	2-2	300	17
1704112200.0	2-3	680	18
1704112200.0	2-4	280	17
1704112200.0	2-5	300	17
1704112200.0	2-6	300	17
1704112200.0	2-7	680	18
1704113100.0	7-0	280	17
1704113100.0	7-1	300	17
1704113100.0	7-2	680	18
1704113100.0	7-3	300	17
1704113100.0	7-4	440	7
1704113100.0	7-5	720	18
1704113100.0	7-6	440	7
1704113100.0	8-0	280	17
1704113100.0	8-1	440	7
1704113100.0	8-2	300	17
1704113100.0	8-3	280	17
1704113100.0	8-4	280	17
1704113100.0	8-5	680	18
1704113100.0	8-6	640	14
1704113100.0	8-7	720	18
1704113100.0	8-8	640	14
1704113100.0	8-9	280	17
1704113100.0	8-10	440	7
1704113100.0	0-0	280	17
1704113100.0	0-1	680	18
1704113100.0	0-2	680	18
1704113100.0	0-3	640	14
1704113100.0	0-4	680	18
1704113100.0	0-5	280	17
1704113100.0	0-6	280	17
1704113100.0	13-0	680	18
1704113100.0	13-1	300	17
1704113100.0	13-2	720	18
1704113100.0	13-3	480	7
1704113100.0	13-4	280	17
1704113100.0	13-5	480	7
1704113100.0	13-6	720	18
1704113100.0	13-7	720	18
1704113100.0	13-8	480	7
1704113100.0	2-0	720	18
1704113100.0	2-1	680	18
1704113100.0	2-2	280	17
1704113100.0	2-3	680	18
1704113100.0	2-4	280	17
1704113100.0	2-5	280	17
1704113100.0	2-6	280	17
1704113100.0	2-7	640	14
1704114000.0	7-0	280	17
1704114000.0	7-1	280	17
1704114000.0	7-2	640	14
1704114000.0	7-3	260	11
1704114000.0	7-4	480	7
1704114000.0	7-5	640	15
1704114000.0	7-6	440	6
1704114000.0	8-0	280	17
1704114000.0	8-1	440	6
1704114000.0	8-2	280	17
1704114000.0	8-3	260	11
1704114000.0	8-4	280	17
1704114000.0	8-5	680	18
1704114000.0	8-6	640	15
1704114000.0	8-7	680	18
1704114000.0	8-8	640	15
1704114000.0	8-9	280	17
1704114000.0	8-10	440	6
1704114000.0	0-0	280	17
1704114000.0	0-1	640	16
1704114000.0	0-2	640	16
1704114000.0	0-3	680	18
1704114000.0	0-4	640	16
1704114000.0	0-5	280	17
1704114000.0	0-6	260	12
1704114000.0	13-0	680	18
1704114000.0	13-1	280	17
1704114000.0	13-2	640	17
1704114000.0	13-3	480	7
1704114000.0	13-4	280	17
1704114000.0	13-5	440	6
1704114000.0	13-6	640	17
1704114000.0	13-7	680	18
1704114000.0	13-8	440	6
1704114000.0	2-0	680	18
1704114000.0	2-1	680	18
1704114000.0	2-2	260	12
1704114000.0	2-3	640	17
1704114000.0	2-4	260	12
1704114000.0	2-5	260	13
1704114000.0	2-6	280	17
1704114000.0	2-7	640	17
1704114900.0	7-0	260	10
1704114900.0	7-1	260	10
1704114900.0	7-2	640	14
1704114900.0	7-3	260	10
1704114900.0	7-4	440	6
1704114900.0	7-5	640	14
1704114900.0	7-6	400	1
1704114900.0	8-0	260	11
1704114900.0	8-1	440	6
1704114900.0	8-2	260	12
1704114900.0	8-3	260	12
1704114900.0	8-4	280	17
1704114900.0	8-5	640	15
1704114900.0	8-6	600	1
1704114900.0	8-7	680	18
1704114900.0	8-8	640	15
1704114900.0	8-9	260	13
1704114900.0	8-10	440	6
1704114900.0	0-0	280	17
1704114900.0	0-1	640	15
1704114900.0	0-2	680	18
1704114900.0	0-3	640	15
1704114900.0	0-4	600	2
1704114900.0	0-5	280	17
1704114900.0	0-6	260	13
1704114900.0	13-0	680	18
1704114900.0	13-1	260	14
1704114900.0	13-2	640	15
1704114900.0	13-3	400	2
1704114900.0	13-4	260	14
1704114900.0	13-5	440	6
1704114900.0	13-6	640	15
1704114900.0	13-7	640	16
1704114900.0	13-8	440	6
1704114900.0	2-0	680	18
1704114900.0	2-1	600	3
1704114900.0	2-2	260	14
1704114900.0	2-3	640	16
1704114900.0	2-4	280	17
1704114900.0	2-5	260	14
1704114900.0	2-6	280	17
1704114900.0	2-7	640	16
1704115800.0	7-0	260	13
1704115800.0	7-1	260	13
1704115800.0	7-2	600	4
1704115800.0	7-3	240	1
1704115800.0	7-4	440	6
1704115800.0	7-5	600	5
1704115800.0	7-6	440	6
1704115800.0	8-0	240	2
1704115800.0	8-1	440	6
1704115800.0	8-2	260	13
1704115800.0	8-3	260	13
1704115800.0	8-4	260	14
1704115800.0	8-5	640	14
1704115800.0	8-6	640	14
1704115800.0	8-7	640	15
1704115800.0	8-8	600	6
1704115800.0	8-9	260	14
1704115800.0	8-10	400	3
1704115800.0	0-0	260	15
1704115800.0	0-1	640	15
1704115800.0	0-2	600	7
1704115800.0	0-3	640	15
1704115800.0	0-4	600	7
1704115800.0	0-5	260	16
1704115800.0	0-6	240	3
1704115800.0	13-0	600	8
1704115800.0	13-1	260	16
1704115800.0	13-2	640	15
1704115800.0	13-3	440	7
1704115800.0	13-4	260	16
1704115800.0	13-5	440	7
1704115800.0	13-6	600	9
1704115800.0	13-7	600	10
1704115800.0	13-8	400	4
1704115800.0	2-0	600	11
1704115800.0	2-1	640	16
1704115800.0	2-2	240	4
1704115800.0	2-3	640	16
1704115800.0	2-4	260	16
1704115800.0	2-5	260	16
1704115800.0	2-6	260	17
1704115800.0	2-7	600	12
1704116700.0	7-0	260	17
1704116700.0	7-1	240	5
1704116700.0	7-2	600	12
1704116700.0	7-3	240	5
1704116700.0	7-4	400	5
1704116700.0	7-5	600	12
1704116700.0	7-6	400	5
1704116700.0	8-0	240	5
1704116700.0	8-1	400	6
1704116700.0	8-2	260	17
1704116700.0	8-3	260	17
1704116700.0	8-4	260	17
1704116700.0	8-5	600	13
1704116700.0	8-6	600	13
1704116700.0	8-7	600	14
1704116700.0	8-8	600	14
1704116700.0	8-9	260	17
1704116700.0	8-10	400	6
1704116700.0	0-0	260	17
1704116700.0	0-1	600	15
1704116700.0	0-2	640	16
1704116700.0	0-3	560	1
1704116700.0	0-4	600	15
1704116700.0	0-5	260	17
1704116700.0	0-6	240	5
1704116700.0	13-0	600	15
1704116700.0	13-1	240	6
1704116700.0	13-2	640	16
1704116700.0	13-3	400	6
1704116700.0	13-4	260	17
1704116700.0	13-5	440	7
1704116700.0	13-6	600	15
1704116700.0	13-7	560	2
1704116700.0	13-8	440	7
1704116700.0	2-0	640	17
1704116700.0	2-1	600	15
1704116700.0	2-2	260	17
1704116700.0	2-3	600	16
1704116700.0	2-4	240	7
1704116700.0	2-5	240	8
1704116700.0	2-6	240	9
1704116700.0	2-7	560	3
1704117600.0	7-0	240	10
1704117600.0	7-1	240	10
1704117600.0	7-2	600	16
1704117600.0	7-3	240	10
1704117600.0	7-4	400	6
1704117600.0	7-5	600	16
1704117600.0	7-6	400	6
1704117600.0	8-0	240	10
1704117600.0	8-1	380	1
1704117600.0	8-2	240	11
1704117600.0	8-3	240	12
1704117600.0	8-4	240	13
1704117600.0	8-5	560	4
1704117600.0	8-6	600	16
1704117600.0	8-7	560	5
1704117600.0	8-8	600	16
1704117600.0	8-9	240	14
1704117600.0	8-10	400	6
1704117600.0	0-0	240	15
1704117600.0	0-1	600	16
1704117600.0	0-2	600	16
1704117600.0	0-3	560	5
1704117600.0	0-4	600	16
1704117600.0	0-5	240	16
1704117600.0	0-6	240	16
1704117600.0	13-0	560	6
1704117600.0	13-1	240	16
1704117600.0	13-2	600	17
1704117600.0	13-3	400	6
1704117600.0	13-4	260	17
1704117600.0	13-5	400	7
1704117600.0	13-6	560	7
1704117600.0	13-7	560	7
1704117600.0	13-8	380	2
1704117600.0	2-0	600	17
1704117600.0	2-1	560	8
1704117600.0	2-2	240	16
1704117600.0	2-3	560	9
1704117600.0	2-4	240	16
1704117600.0	2-5	240	16
1704117600.0	2-6	260	17
1704117600.0	2-7	600	17
1704118500.0	7-0	240	16
1704118500.0	7-1	220	1
1704118500.0	7-2	600	17
1704118500.0	7-3	240	16
1704118500.0	7-4	400	7
1704118500.0	7-5	560	10
1704118500.0	7-6	400	7
1704118500.0	8-0	240	16
1704118500.0	8-1	380	2
1704118500.0	8-2	240	16
1704118500.0	8-3	240	16
1704118500.0	8-4	240	16
1704118500.0	8-5	560	10
1704118500.0	8-6	560	11
1704118500.0	8-7	560	11
1704118500.0	8-8	600	17
1704118500.0	8-9	240	16
1704118500.0	8-10	400	7
1704118500.0	0-0	240	16
1704118500.0	0-1	600	17
1704118500.0	0-2	560	12
1704118500.0	0-3	560	12
1704118500.0	0-4	560	13
1704118500.0	0-5	240	16
1704118500.0	0-6	240	16
1704118500.0	13-0	560	13
1704118500.0	13-1	240	16
1704118500.0	13-2	560	14
1704118500.0	13-3	380	3
1704118500.0	13-4	240	17
1704118500.0	13-5	400	7
1704118500.0	13-6	560	14
1704118500.0	13-7	560	14
1704118500.0	13-8	400	7
1704118500.0	2-0	600	17
1704118500.0	2-1	560	14
1704118500.0	2-2	240	17
1704118500.0	2-3	560	14
1704118500.0	2-4	240	17
1704118500.0	2-5	240	17
1704118500.0	2-6	240	17
1704118500.0	2-7	600	17
1704119400.0	7-0	240	17
1704119400.0	7-1	240	17
1704119400.0	7-2	560	15
1704119400.0	7-3	240	17
1704119400.0	7-4	380	4
1704119400.0	7-5	560	15
1704119400.0	7-6	400	7
1704119400.0	8-0	240	17
1704119400.0	8-1	400	7
1704119400.0	8-2	220	2
1704119400.0	8-3	240	17
1704119400.0	8-4	240	17
1704119400.0	8-5	560	15
1704119400.0	8-6	560	15
1704119400.0	8-7	560	15
1704119400.0	8-8	560	16
1704119400.0	8-9	240	17
1704119400.0	8-10	400	7
1704119400.0	0-0	220	3
1704119400.0	0-1	560	17
1704119400.0	0-2	520	1
1704119400.0	0-3	560	17
1704119400.0	0-4	560	17
1704119400.0	0-5	240	17
1704119400.0	0-6	240	17
1704119400.0	13-0	560	17
1704119400.0	13-1	240	17
1704119400.0	13-2	560	17
1704119400.0	13-3	400	7
1704119400.0	13-4	240	17
1704119400.0	13-5	400	7
1704119400.0	13-6	560	17
1704119400.0	13-7	560	17
1704119400.0	13-8	380	4
1704119400.0	2-0	560	18
1704119400.0	2-1	560	18
1704119400.0	2-2	240	17
1704119400.0	2-3	560	18
1704119400.0	2-4	220	4
1704119400.0	2-5	240	17
1704119400.0	2-6	240	17
1704119400.0	2-7	560	18
1704120300.0	7-0	220	5
1704120300.0	7-1	220	5
1704120300.0	7-2	560	18
1704120300.0	7-3	220	6
1704120300.0	7-4	380	4
1704120300.0	7-5	560	18
1704120300.0	7-6	360	1
1704120300.0	8-0	240	17
1704120300.0	8-1	380	4
1704120300.0	8-2	220	6
1704120300.0	8-3	240	17
1704120300.0	8-4	240	17
1704120300.0	8-5	520	2
1704120300.0	8-6	560	18
1704120300.0	8-7	560	18
1704120300.0	8-8	520	3
1704120300.0	8-9	240	17
1704120300.0	8-10	380	5
1704120300.0	0-0	240	17
1704120300.0	0-1	520	4
1704120300.0	0-2	520	4
1704120300.0	0-3	520	5
1704120300.0	0-4	560	18
1704120300.0	0-5	220	7
1704120300.0	0-6	220	8
1704120300.0	13-0	560	18
1704120300.0	13-1	240	17
1704120300.0	13-2	560	18
1704120300.0	13-3	360	2
1704120300.0	13-4	220	9
1704120300.0	13-5	360	3
1704120300.0	13-6	520	6
1704120300.0	13-7	560	18
1704120300.0	13-8	380	5
1704120300.0	2-0	520	7
1704120300.0	2-1	520	8
1704120300.0	2-2	220	10
1704120300.0	2-3	560	18
1704120300.0	2-4	220	10
1704120300.0	2-5	220	11
1704120300.0	2-6	220	12
1704120300.0	2-7	560	18
1704121200.0	7-0	240	17
1704121200.0	7-1	220	12
1704121200.0	7-2	520	9
1704121200.0	7-3	220	12
1704121200.0	7-4	380	5
1704121200.0	7-5	560	18
1704121200.0	7-6	360	3
1704121200.0	8-0	220	13
1704121200.0	8-1	360	4
1704121200.0	8-2	220	13
1704121200.0	8-3	220	14
1704121200.0	8-4	240	17
1704121200.0	8-5	560	18
1704121200.0	8-6	520	10
1704121200.0	8-7	560	18
1704121200.0	8-8	560	18
1704121200.0	8-9	220	15
1704121200.0	8-10	380	5
1704121200.0	0-0	240	17
1704121200.0	0-1	520	10
1704121200.0	0-2	520	10
1704121200.0	0-3	560	18
1704121200.0	0-4	560	18
1704121200.0	0-5	220	15
1704121200.0	0-6	220	15
1704121200.0	13-0	520	11
1704121200.0	13-1	240	17
1704121200.0	13-2	560	18
1704121200.0	13-3	360	4
1704121200.0	13-4	220	15
1704121200.0	13-5	360	4
1704121200.0	13-6	560	18
1704121200.0	13-7	520	12
1704121200.0	13-8	380	5
1704121200.0	2-0	560	18
1704121200.0	2-1	560	18
1704121200.0	2-2	220	15
1704121200.0	2-3	560	18
1704121200.0	2-4	220	15
1704121200.0	2-5	220	15
1704121200.0	2-6	220	15
1704121200.0	2-7	520	13
1704122100.0	7-0	220	15
1704122100.0	7-1	220	15
1704122100.0	7-2	520	13
1704122100.0	7-3	220	15
1704122100.0	7-4	360	5
1704122100.0	7-5	560	18
1704122100.0	7-6	380	6
1704122100.0	8-0	220	15
1704122100.0	8-1	380	6
1704122100.0	8-2	220	15
1704122100.0	8-3	220	15
1704122100.0	8-4	240	17
1704122100.0	8-5	520	13
1704122100.0	8-6	520	13
1704122100.0	8-7	560	18
1704122100.0	8-8	520	13
1704122100.0	8-9	220	15
1704122100.0	8-10	380	6
1704122100.0	0-0	240	17
1704122100.0	0-1	520	13
1704122100.0	0-2	520	13
1704122100.0	0-3	560	18
1704122100.0	0-4	560	18
1704122100.0	0-5	220	15
1704122100.0	0-6	240	17
1704122100.0	13-0	560	18
1704122100.0	13-1	240	17
1704122100.0	13-2	560	18
1704122100.0	13-3	380	6
1704122100.0	13-4	240	17
1704122100.0	13-5	360	5
1704122100.0	13-6	520	13
1704122100.0	13-7	560	18
1704122100.0	13-8	360	6
1704122100.0	2-0	560	18
1704122100.0	2-1	560	18
1704122100.0	2-2	220	15
1704122100.0	2-3	560	18
1704122100.0	2-4	240	17
1704122100.0	2-5	220	15
1704122100.0	2-6	220	15
1704122100.0	2-7	520	13
1704123000.0	7-0	220	15
1704123000.0	7-1	220	15
1704123000.0	7-2	560	18
1704123000.0	7-3	220	15
1704123000.0	7-4	400	7
1704123000.0	7-5	520	14
1704123000.0	7-6	360	6
1704123000.0	8-0	220	15
1704123000.0	8-1	380	6
1704123000.0	8-2	220	15
1704123000.0	8-3	220	15
1704123000.0	8-4	220	16
1704123000.0	8-5	560	18
1704123000.0	8-6	560	18
1704123000.0	8-7	560	18
1704123000.0	8-8	560	18
1704123000.0	8-9	220	16
1704123000.0	8-10	360	7
1704123000.0	0-0	220	16
1704123000.0	0-1	560	18
1704123000.0	0-2	560	18
1704123000.0	0-3	520	14
1704123000.0	0-4	560	18
1704123000.0	0-5	220	16
1704123000.0	0-6	240	17
1704123000.0	13-0	520	14
1704123000.0	13-1	240	17
1704123000.0	13-2	560	18
1704123000.0	13-3	400	7
1704123000.0	13-4	220	16
1704123000.0	13-5	400	7
1704123000.0	13-6	520	14
1704123000.0	13-7	560	18
1704123000.0	13-8	360	7
1704123000.0	2-0	520	14
1704123000.0	2-1	560	18
1704123000.0	2-2	240	17
1704123000.0	2-3	520	15
1704123000.0	2-4	220	16
1704123000.0	2-5	240	17
1704123000.0	2-6	240	17
1704123000.0	2-7	560	18
1704123900.0	7-0	240	17
1704123900.0	7-1	240	17
1704123900.0	7-2	600	16
1704123900.0	7-3	240	17
1704123900.0	7-4	360	7
1704123900.0	7-5	560	18
1704123900.0	7-6	380	6
1704123900.0	8-0	240	17
1704123900.0	8-1	400	7
1704123900.0	8-2	220	16
1704123900.0	8-3	240	17
1704123900.0	8-4	240	17
1704123900.0	8-5	600	16
1704123900.0	8-6	560	18
1704123900.0	8-7	520	16
1704123900.0	8-8	600	16
1704123900.0	8-9	240	17
1704123900.0	8-10	380	6
1704123900.0	0-0	220	16
1704123900.0	0-1	560	18
1704123900.0	0-2	560	18
1704123900.0	0-3	560	18
1704123900.0	0-4	560	18
1704123900.0	0-5	220	16
1704123900.0	0-6	240	17
1704123900.0	13-0	520	16
1704123900.0	13-1	220	17
1704123900.0	13-2	560	18
1704123900.0	13-3	400	7
1704123900.0	13-4	240	17
1704123900.0	13-5	380	7
1704123900.0	13-6	560	18
1704123900.0	13-7	560	18
1704123900.0	13-8	380	7
1704123900.0	2-0	600	16
1704123900.0	2-1	560	18
1704123900.0	2-2	240	17
1704123900.0	2-3	600	16
1704123900.0	2-4	240	17
1704123900.0	2-5	240	17
1704123900.0	2-6	220	17
1704123900.0	2-7	600	16
1704124800.0	7-0	240	17
1704124800.0	7-1	240	17
1704124800.0	7-2	560	18
1704124800.0	7-3	240	17
1704124800.0	7-4	400	7
1704124800.0	7-5	560	18
1704124800.0	7-6	400	7
1704124800.0	8-0	260	3
1704124800.0	8-1	400	7
1704124800.0	8-2	260	4
1704124800.0	8-3	240	17
1704124800.0	8-4	240	17
1704124800.0	8-5	600	12
1704124800.0	8-6	600	12
1704124800.0	8-7	560	18
1704124800.0	8-8	600	12
1704124800.0	8-9	260	5
1704124800.0	8-10	400	7
1704124800.0	0-0	240	17
1704124800.0	0-1	560	18
1704124800.0	0-2	600	12
1704124800.0	0-3	600	13
1704124800.0	0-4	560	18
1704124800.0	0-5	240	17
1704124800.0	0-6	240	17
1704124800.0	13-0	600	14
1704124800.0	13-1	240	17
1704124800.0	13-2	600	14
1704124800.0	13-3	400	7
1704124800.0	13-4	240	17
1704124800.0	13-5	400	7
1704124800.0	13-6	560	18
1704124800.0	13-7	560	18
1704124800.0	13-8	400	7
1704124800.0	2-0	600	14
1704124800.0	2-1	560	18
1704124800.0	2-2	240	17
1704124800.0	2-3	600	14
1704124800.0	2-4	240	17
1704124800.0	2-5	240	17
1704124800.0	2-6	240	17
1704124800.0	2-7	560	18
1704125700.0	7-0	240	17
1704125700.0	7-1	260	4
1704125700.0	7-2	600	12
1704125700.0	7-3	260	5
1704125700.0	7-4	400	7
1704125700.0	7-5	600	13
1704125700.0	7-6	400	7
1704125700.0	8-0	260	5
1704125700.0	8-1	400	7
1704125700.0	8-2	260	5
1704125700.0	8-3	260	6
1704125700.0	8-4	260	7
1704125700.0	8-5	600	13
1704125700.0	8-6	640	1
1704125700.0	8-7	600	14
1704125700.0	8-8	640	2
1704125700.0	8-9	260	7
1704125700.0	8-10	400	7
1704125700.0	0-0	240	17
1704125700.0	0-1	640	3
1704125700.0	0-2	640	4
1704125700.0	0-3	600	14
1704125700.0	0-4	600	15
1704125700.0	0-5	260	8
1704125700.0	0-6	240	17
1704125700.0	13-0	600	15
1704125700.0	13-1	260	9
1704125700.0	13-2	600	15
1704125700.0	13-3	400	7
1704125700.0	13-4	260	10
1704125700.0	13-5	400	7
1704125700.0	13-6	600	16
1704125700.0	13-7	640	5
1704125700.0	13-8	440	1
1704125700.0	2-0	640	6
1704125700.0	2-1	600	17
1704125700.0	2-2	260	11
1704125700.0	2-3	600	17
1704125700.0	2-4	260	12
1704125700.0	2-5	240	17
1704125700.0	2-6	260	13
1704125700.0	2-7	640	7
1704126600.0	7-0	260	14
1704126600.0	7-1	260	14
1704126600.0	7-2	640	8
1704126600.0	7-3	280	1
1704126600.0	7-4	440	2
1704126600.0	7-5	680	1
1704126600.0	7-6	480	1
1704126600.0	8-0	280	2
1704126600.0	8-1	440	3
1704126600.0	8-2	280	3
1704126600.0	8-3	280	4
1704126600.0	8-4	260	14
1704126600.0	8-5	680	2
1704126600.0	8-6	640	8
1704126600.0	8-7	680	3
1704126600.0	8-8	680	4
1704126600.0	8-9	280	5
1704126600.0	8-10	480	2
1704126600.0	0-0	260	15
1704126600.0	0-1	640	8
1704126600.0	0-2	640	8
1704126600.0	0-3	640	9
1704126600.0	0-4	680	5
1704126600.0	0-5	280	6
1704126600.0	0-6	280	7
1704126600.0	13-0	640	10
1704126600.0	13-1	280	8
1704126600.0	13-2	640	11
1704126600.0	13-3	440	4
1704126600.0	13-4	280	9
1704126600.0	13-5	440	5
1704126600.0	13-6	640	12
1704126600.0	13-7	640	12
1704126600.0	13-8	480	3
1704126600.0	2-0	640	12
1704126600.0	2-1	640	13
1704126600.0	2-2	280	10
1704126600.0	2-3	640	14
1704126600.0	2-4	280	11
1704126600.0	2-5	280	12
1704126600.0	2-6	280	13
1704126600.0	2-7	640	14
1704127500.0	7-0	280	14
1704127500.0	7-1	300	1
1704127500.0	7-2	720	1
1704127500.0	7-3	280	14
1704127500.0	7-4	480	4
1704127500.0	7-5	720	2
1704127500.0	7-6	520	17
1704127500.0	8-0	280	14
1704127500.0	8-1	480	5
1704127500.0	8-2	300	2
1704127500.0	8-3	300	3
1704127500.0	8-4	280	15
1704127500.0	8-5	680	5
1704127500.0	8-6	680	6
1704127500.0	8-7	720	3
1704127500.0	8-8	720	4
1704127500.0	8-9	300	4
1704127500.0	8-10	520	18
1704127500.0	0-0	300	5
1704127500.0	0-1	680	7
1704127500.0	0-2	720	5
1704127500.0	0-3	720	6
1704127500.0	0-4	720	7
1704127500.0	0-5	300	6
1704127500.0	0-6	300	7
1704127500.0	13-0	720	8
1704127500.0	13-1	300	8
1704127500.0	13-2	680	8
1704127500.0	13-3	480	6
1704127500.0	13-4	300	9
1704127500.0	13-5	480	7
1704127500.0	13-6	720	9
1704127500.0	13-7	680	9
1704127500.0	13-8	480	7
1704127500.0	2-0	720	10
1704127500.0	2-1	720	11
1704127500.0	2-2	280	15
1704127500.0	2-3	720	12
1704127500.0	2-4	300	10
1704127500.0	2-5	280	15
1704127500.0	2-6	280	15
1704127500.0	2-7	720	13
1704128400.0	7-0	300	11
1704128400.0	7-1	300	11
1704128400.0	7-2	720	13
1704128400.0	7-3	300	12
1704128400.0	7-4	520	18
1704128400.0	7-5	720	13
1704128400.0	7-6	520	18
1704128400.0	8-0	300	13
1704128400.0	8-1	560	19
1704128400.0	8-2	320	1
1704128400.0	8-3	300	13
1704128400.0	8-4	320	2
1704128400.0	8-5	760	1
1704128400.0	8-6	760	2
1704128400.0	8-7	760	3
1704128400.0	8-8	760	4
1704128400.0	8-9	320	3
1704128400.0	8-10	560	20
1704128400.0	0-0	320	4
1704128400.0	0-1	760	5
1704128400.0	0-2	800	1
1704128400.0	0-3	720	13
1704128400.0	0-4	760	6
1704128400.0	0-5	320	5
1704128400.0	0-6	320	6
1704128400.0	13-0	760	7
1704128400.0	13-1	300	13
1704128400.0	13-2	760	8
1704128400.0	13-3	520	19
1704128400.0	13-4	300	13
1704128400.0	13-5	520	20
1704128400.0	13-6	800	2
1704128400.0	13-7	760	9
1704128400.0	13-8	520	21
1704128400.0	2-0	800	3
1704128400.0	2-1	760	10
1704128400.0	2-2	320	7
1704128400.0	2-3	760	11
1704128400.0	2-4	300	13
1704128400.0	2-5	300	14
1704128400.0	2-6	320	8
1704128400.0	2-7	720	13
1704129300.0	7-0	320	9
1704129300.0	7-1	340	1
1704129300.0	7-2	800	4
1704129300.0	7-3	320	10
1704129300.0	7-4	520	20
1704129300.0	7-5	760	12
1704129300.0	7-6	560	21
1704129300.0	8-0	340	2
1704129300.0	8-1	520	21
1704129300.0	8-2	320	10
1704129300.0	8-3	340	3
1704129300.0	8-4	340	4
1704129300.0	8-5	800	5
1704129300.0	8-6	760	12
1704129300.0	8-7	800	6
1704129300.0	8-8	800	7
1704129300.0	8-9	340	5
1704129300.0	8-10	560	21
1704129300.0	0-0	320	10
1704129300.0	0-1	800	8
1704129300.0	0-2	800	8
1704129300.0	0-3	760	13
1704129300.0	0-4	760	13
1704129300.0	0-5	320	10
1704129300.0	0-6	340	6
1704129300.0	13-0	760	13
1704129300.0	13-1	340	7
1704129300.0	13-2	800	9
1704129300.0	13-3	560	22
1704129300.0	13-4	360	6
1704129300.0	13-5	560	23
1704129300.0	13-6	800	9
1704129300.0	13-7	880	1
1704129300.0	13-8	520	21
1704129300.0	2-0	760	14
1704129300.0	2-1	800	10
1704129300.0	2-2	340	8
1704129300.0	2-3	800	11
1704129300.0	2-4	320	11
1704129300.0	2-5	340	9
1704129300.0	2-6	340	10
1704129300.0	2-7	800	12
1704130200.0	7-0	360	6
1704130200.0	7-1	360	7
1704130200.0	7-2	880	2
1704130200.0	7-3	360	8
1704130200.0	7-4	560	21
1704130200.0	7-5	880	3
1704130200.0	7-6	600	17
1704130200.0	8-0	360	9
1704130200.0	8-1	600	18
1704130200.0	8-2	340	11
1704130200.0	8-3	360	10
1704130200.0	8-4	340	11
1704130200.0	8-5	880	4
1704130200.0	8-6	880	5
1704130200.0	8-7	800	12
1704130200.0	8-8	880	6
1704130200.0	8-9	360	11
1704130200.0	8-10	600	19
1704130200.0	0-0	360	12
1704130200.0	0-1	880	7
1704130200.0	0-2	880	8
1704130200.0	0-3	880	9
1704130200.0	0-4	880	10
1704130200.0	0-5	380	6
1704130200.0	0-6	360	13
1704130200.0	13-0	880	11
1704130200.0	13-1	360	14
1704130200.0	13-2	880	12
1704130200.0	13-3	600	20
1704130200.0	13-4	360	14
1704130200.0	13-5	600	21
1704130200.0	13-6	800	12
1704130200.0	13-7	880	12
1704130200.0	13-8	600	22
1704130200.0	2-0	880	13
1704130200.0	2-1	880	14
1704130200.0	2-2	380	7
1704130200.0	2-3	880	15
1704130200.0	2-4	360	15
1704130200.0	2-5	360	16
1704130200.0	2-6	360	17
1704130200.0	2-7	880	16
1704131100.0	7-0	360	14
1704131100.0	7-1	380	7
1704131100.0	7-2	960	1
1704131100.0	7-3	360	14
1704131100.0	7-4	640	15
1704131100.0	7-5	960	2
1704131100.0	7-6	640	16
1704131100.0	8-0	380	8
1704131100.0	8-1	600	22
1704131100.0	8-2	360	15
1704131100.0	8-3	380	9
1704131100.0	8-4	380	10
1704131100.0	8-5	960	3
1704131100.0	8-6	960	4
1704131100.0	8-7	880	17
1704131100.0	8-8	960	5
1704131100.0	8-9	380	11
1704131100.0	8-10	640	17
1704131100.0	0-0	380	12
1704131100.0	0-1	880	17
1704131100.0	0-2	880	17
1704131100.0	0-3	880	17
1704131100.0	0-4	880	17
1704131100.0	0-5	360	16
1704131100.0	0-6	380	13
1704131100.0	13-0	960	6
1704131100.0	13-1	400	8
1704131100.0	13-2	880	17
1704131100.0	13-3	600	22
1704131100.0	13-4	380	14
1704131100.0	13-5	640	18
1704131100.0	13-6	960	7
1704131100.0	13-7	880	17
1704131100.0	13-8	600	22
1704131100.0	2-0	880	17
1704131100.0	2-1	960	8
1704131100.0	2-2	360	17
1704131100.0	2-3	880	17
1704131100.0	2-4	380	15
1704131100.0	2-5	400	9
1704131100.0	2-6	380	16
1704131100.0	2-7	960	9
1704132000.0	7-0	400	10
1704132000.0	7-1	400	11
1704132000.0	7-2	960	9
1704132000.0	7-3	380	13
1704132000.0	7-4	640	18
1704132000.0	7-5	960	9
1704132000.0	7-6	680	10
1704132000.0	8-0	400	12
1704132000.0	8-1	680	11
1704132000.0	8-2	380	14
1704132000.0	8-3	400	13
1704132000.0	8-4	400	14
1704132000.0	8-5	960	9
1704132000.0	8-6	960	9
1704132000.0	8-7	960	10
1704132000.0	8-8	960	10
1704132000.0	8-9	400	15
1704132000.0	8-10	680	12
1704132000.0	0-0	400	16
1704132000.0	0-1	960	11
1704132000.0	0-2	960	12
1704132000.0	0-3	960	13
1704132000.0	0-4	960	14
1704132000.0	0-5	400	17
1704132000.0	0-6	380	14
1704132000.0	13-0	880	17
1704132000.0	13-1	380	15
1704132000.0	13-2	880	17
1704132000.0	13-3	680	13
1704132000.0	13-4	400	18
1704132000.0	13-5	640	18
1704132000.0	13-6	960	14
1704132000.0	13-7	960	15
1704132000.0	13-8	680	14
1704132000.0	2-0	960	16
1704132000.0	2-1	960	16
1704132000.0	2-2	400	19
1704132000.0	2-3	880	17
1704132000.0	2-4	380	15
1704132000.0	2-5	380	16
1704132000.0	2-6	400	20
1704132000.0	2-7	960	16
1704132900.0	7-0	440	6
1704132900.0	7-1	400	19
1704132900.0	7-2	960	16
1704132900.0	7-3	440	7
1704132900.0	7-4	680	15
1704132900.0	7-5	960	16
1704132900.0	7-6	680	15
1704132900.0	8-0	400	19
1704132900.0	8-1	640	19
1704132900.0	8-2	400	20
1704132900.0	8-3	440	8
1704132900.0	8-4	440	9
1704132900.0	8-5	960	16
1704132900.0	8-6	1040	1
1704132900.0	8-7	1040	2
1704132900.0	8-8	1040	3
1704132900.0	8-9	400	20
1704132900.0	8-10	640	19
1704132900.0	0-0	400	20
1704132900.0	0-1	1040	4
1704132900.0	0-2	960	16
1704132900.0	0-3	960	16
1704132900.0	0-4	960	16
1704132900.0	0-5	400	20
1704132900.0	0-6	400	21
1704132900.0	13-0	960	16
1704132900.0	13-1	440	10
1704132900.0	13-2	960	17
1704132900.0	13-3	680	15
1704132900.0	13-4	400	21
1704132900.0	13-5	680	16
1704132900.0	13-6	960	17
1704132900.0	13-7	1040	5
1704132900.0	13-8	680	16
1704132900.0	2-0	960	17
1704132900.0	2-1	1040	6
1704132900.0	2-2	400	21
1704132900.0	2-3	960	18
1704132900.0	2-4	400	22
1704132900.0	2-5	400	22
1704132900.0	2-6	400	22
1704132900.0	2-7	960	18
1704133800.0	7-0	400	16
1704133800.0	7-1	400	16
1704133800.0	7-2	960	18
1704133800.0	7-3	400	17
1704133800.0	7-4	680	16
1704133800.0	7-5	1040	7
1704133800.0	7-6	680	16
1704133800.0	8-0	400	17
1704133800.0	8-1	680	16
1704133800.0	8-2	440	10
1704133800.0	8-3	400	17
1704133800.0	8-4	400	17
1704133800.0	8-5	960	18
1704133800.0	8-6	960	18
1704133800.0	8-7	960	18
1704133800.0	8-8	1040	7
1704133800.0	8-9	440	11
1704133800.0	8-10	680	16
1704133800.0	0-0	400	17
1704133800.0	0-1	1040	7
1704133800.0	0-2	1040	8
1704133800.0	0-3	1040	9
1704133800.0	0-4	1040	10
1704133800.0	0-5	400	17
1704133800.0	0-6	400	17
1704133800.0	13-0	960	18
1704133800.0	13-1	400	17
1704133800.0	13-2	1040	11
1704133800.0	13-3	680	16
1704133800.0	13-4	440	12
1704133800.0	13-5	720	14
1704133800.0	13-6	960	18
1704133800.0	13-7	960	18
1704133800.0	13-8	680	16
1704133800.0	2-0	960	18
1704133800.0	2-1	1040	11
1704133800.0	2-2	400	17
1704133800.0	2-3	1040	12
1704133800.0	2-4	400	17
1704133800.0	2-5	400	17
1704133800.0	2-6	400	17
1704133800.0	2-7	960	18
1704134700.0	7-0	400	17
1704134700.0	7-1	400	17
1704134700.0	7-2	1040	13
1704134700.0	7-3	400	17
1704134700.0	7-4	680	12
1704134700.0	7-5	1040	13
1704134700.0	7-6	680	12
1704134700.0	8-0	400	17
1704134700.0	8-1	720	15
1704134700.0	8-2	400	17
1704134700.0	8-3	400	17
1704134700.0	8-4	400	17
1704134700.0	8-5	960	18
1704134700.0	8-6	960	18
1704134700.0	8-7	960	18
1704134700.0	8-8	1040	13
1704134700.0	8-9	400	17
1704134700.0	8-10	680	12
1704134700.0	0-0	440	9
1704134700.0	0-1	1040	13
1704134700.0	0-2	1040	13
1704134700.0	0-3	960	18
1704134700.0	0-4	1040	13
1704134700.0	0-5	400	17
1704134700.0	0-6	400	17
1704134700.0	13-0	1040	14
1704134700.0	13-1	440	9
1704134700.0	13-2	1040	14
1704134700.0	13-3	720	16
1704134700.0	13-4	400	17
1704134700.0	13-5	680	12
1704134700.0	13-6	960	18
1704134700.0	13-7	1040	14
1704134700.0	13-8	720	17
1704134700.0	2-0	960	18
1704134700.0	2-1	960	18
1704134700.0	2-2	440	10
1704134700.0	2-3	960	18
1704134700.0	2-4	400	17
1704134700.0	2-5	440	11
1704134700.0	2-6	440	12
1704134700.0	2-7	960	18
1704135600.0	7-0	440	12
1704135600.0	7-1	400	17
1704135600.0	7-2	960	18
1704135600.0	7-3	440	12
1704135600.0	7-4	680	7
1704135600.0	7-5	960	18
1704135600.0	7-6	680	7
1704135600.0	8-0	400	17
1704135600.0	8-1	640	5
1704135600.0	8-2	400	17
1704135600.0	8-3	400	17
1704135600.0	8-4	400	17
1704135600.0	8-5	960	18
1704135600.0	8-6	1040	14
1704135600.0	8-7	960	18
1704135600.0	8-8	1040	14
1704135600.0	8-9	400	17
1704135600.0	8-10	720	9
1704135600.0	0-0	400	17
1704135600.0	0-1	960	18
1704135600.0	0-2	960	18
1704135600.0	0-3	960	18
1704135600.0	0-4	960	18
1704135600.0	0-5	400	17
1704135600.0	0-6	400	17
1704135600.0	13-0	960	18
1704135600.0	13-1	400	17
1704135600.0	13-2	960	18
1704135600.0	13-3	680	7
1704135600.0	13-4	440	12
1704135600.0	13-5	680	7
1704135600.0	13-6	960	18
1704135600.0	13-7	960	18
1704135600.0	13-8	680	7
1704135600.0	2-0	1040	15
1704135600.0	2-1	960	18
1704135600.0	2-2	400	17
1704135600.0	2-3	1040	15
1704135600.0	2-4	400	17
1704135600.0	2-5	400	17
1704135600.0	2-6	400	17
1704135600.0	2-7	1040	16
1704136500.0	7-0	380	17
1704136500.0	7-1	380	17
1704136500.0	7-2	960	18
1704136500.0	7-3	400	17
1704136500.0	7-4	680	7
1704136500.0	7-5	960	18
1704136500.0	7-6	640	5
1704136500.0	8-0	400	17
1704136500.0	8-1	680	7
1704136500.0	8-2	380	17
1704136500.0	8-3	400	17
1704136500.0	8-4	400	17
1704136500.0	8-5	960	18
1704136500.0	8-6	960	18
1704136500.0	8-7	1040	16
1704136500.0	8-8	960	18
1704136500.0	8-9	400	17
1704136500.0	8-10	640	5
1704136500.0	0-0	400	17
1704136500.0	0-1	960	18
1704136500.0	0-2	880	17
1704136500.0	0-3	960	18
1704136500.0	0-4	960	18
1704136500.0	0-5	380	17
1704136500.0	0-6	400	17
1704136500.0	13-0	960	18
1704136500.0	13-1	400	17
1704136500.0	13-2	960	18
1704136500.0	13-3	680	7
1704136500.0	13-4	400	17
1704136500.0	13-5	680	7
1704136500.0	13-6	1040	17
1704136500.0	13-7	960	18
1704136500.0	13-8	680	7
1704136500.0	2-0	960	18
1704136500.0	2-1	960	18
1704136500.0	2-2	400	17
1704136500.0	2-3	880	17
1704136500.0	2-4	400	17
1704136500.0	2-5	400	17
1704136500.0	2-6	400	17
1704136500.0	2-7	960	18
1704137400.0	7-0	380	17
1704137400.0	7-1	360	16
1704137400.0	7-2	880	17
1704137400.0	7-3	380	17
1704137400.0	7-4	600	7
1704137400.0	7-5	880	17
1704137400.0	7-6	640	5
1704137400.0	8-0	380	17
1704137400.0	8-1	600	7
1704137400.0	8-2	380	17
1704137400.0	8-3	380	17
1704137400.0	8-4	400	17
1704137400.0	8-5	960	18
1704137400.0	8-6	880	17
1704137400.0	8-7	960	18
1704137400.0	8-8	960	18
1704137400.0	8-9	400	17
1704137400.0	8-10	600	7
1704137400.0	0-0	380	17
1704137400.0	0-1	880	17
1704137400.0	0-2	880	17
1704137400.0	0-3	880	17
1704137400.0	0-4	960	18
1704137400.0	0-5	360	16
1704137400.0	0-6	380	17
1704137400.0	13-0	880	17
1704137400.0	13-1	400	17
1704137400.0	13-2	960	18
1704137400.0	13-3	640	6
1704137400.0	13-4	380	17
1704137400.0	13-5	600	7
1704137400.0	13-6	880	18
1704137400.0	13-7	960	18
1704137400.0	13-8	640	7
1704137400.0	2-0	880	18
1704137400.0	2-1	960	18
1704137400.0	2-2	380	17
1704137400.0	2-3	960	18
1704137400.0	2-4	380	17
1704137400.0	2-5	380	17
1704137400.0	2-6	380	17
1704137400.0	2-7	960	18
1704138300.0	7-0	360	6
1704138300.0	7-1	380	17
1704138300.0	7-2	880	14
1704138300.0	7-3	380	17
1704138300.0	7-4	600	6
1704138300.0	7-5	880	14
1704138300.0	7-6	600	7
1704138300.0	8-0	360	7
1704138300.0	8-1	600	7
1704138300.0	8-2	360	7
1704138300.0	8-3	360	8
1704138300.0	8-4	380	17
1704138300.0	8-5	880	15
1704138300.0	8-6	880	15
1704138300.0	8-7	880	15
1704138300.0	8-8	880	16
1704138300.0	8-9	360	9
1704138300.0	8-10	600	7
1704138300.0	0-0	340	1
1704138300.0	0-1	880	16
1704138300.0	0-2	880	16
1704138300.0	0-3	880	16
1704138300.0	0-4	880	16
1704138300.0	0-5	360	9
1704138300.0	0-6	340	2
1704138300.0	13-0	880	16
1704138300.0	13-1	380	17
1704138300.0	13-2	880	16
1704138300.0	13-3	600	7
1704138300.0	13-4	380	17
1704138300.0	13-5	600	7
1704138300.0	13-6	880	16
1704138300.0	13-7	880	16
1704138300.0	13-8	600	7
1704138300.0	2-0	880	16
1704138300.0	2-1	880	17
1704138300.0	2-2	380	17
1704138300.0	2-3	880	17
1704138300.0	2-4	360	10
1704138300.0	2-5	340	3
1704138300.0	2-6	360	11
1704138300.0	2-7	880	18
1704139200.0	7-0	340	4
1704139200.0	7-1	340	5
1704139200.0	7-2	880	18
1704139200.0	7-3	320	1
1704139200.0	7-4	560	1
1704139200.0	7-5	800	1
1704139200.0	7-6	560	2
1704139200.0	8-0	340	6
1704139200.0	8-1	560	3
1704139200.0	8-2	340	7
1704139200.0	8-3	340	8
1704139200.0	8-4	340	9
1704139200.0	8-5	800	2
1704139200.0	8-6	880	18
1704139200.0	8-7	800	3
1704139200.0	8-8	880	18
1704139200.0	8-9	340	10
1704139200.0	8-10	560	4
1704139200.0	0-0	340	10
1704139200.0	0-1	800	4
1704139200.0	0-2	800	5
1704139200.0	0-3	800	6
1704139200.0	0-4	800	7
1704139200.0	0-5	360	9
1704139200.0	0-6	360	10
1704139200.0	13-0	880	18
1704139200.0	13-1	360	11
1704139200.0	13-2	800	8
1704139200.0	13-3	600	7
1704139200.0	13-4	340	11
1704139200.0	13-5	600	7
1704139200.0	13-6	800	9
1704139200.0	13-7	800	10
1704139200.0	13-8	560	5
1704139200.0	2-0	880	18
1704139200.0	2-1	800	11
1704139200.0	2-2	340	12
1704139200.0	2-3	800	12
1704139200.0	2-4	320	2
1704139200.0	2-5	340	12
1704139200.0	2-6	340	13
1704139200.0	2-7	800	13
1704140100.0	7-0	320	3
1704140100.0	7-1	320	4
1704140100.0	7-2	760	1
1704140100.0	7-3	340	14
1704140100.0	7-4	560	5
1704140100.0	7-5	760	2
1704140100.0	7-6	520	1
1704140100.0	8-0	340	14
1704140100.0	8-1	520	2
1704140100.0	8-2	340	14
1704140100.0	8-3	320	5
1704140100.0	8-4	320	6
1704140100.0	8-5	800	13
1704140100.0	8-6	800	14
1704140100.0	8-7	760	3
1704140100.0	8-8	800	15
1704140100.0	8-9	320	7
1704140100.0	8-10	560	5
1704140100.0	0-0	320	8
1704140100.0	0-1	800	15
1704140100.0	0-2	760	4
1704140100.0	0-3	760	5
1704140100.0	0-4	800	15
1704140100.0	0-5	340	15
1704140100.0	0-6	320	9
1704140100.0	13-0	760	6
1704140100.0	13-1	340	16
1704140100.0	13-2	800	15
1704140100.0	13-3	520	3
1704140100.0	13-4	340	16
1704140100.0	13-5	520	4
1704140100.0	13-6	800	15
1704140100.0	13-7	760	7
1704140100.0	13-8	520	5
1704140100.0	2-0	760	8
1704140100.0	2-1	800	15
1704140100.0	2-2	340	16
1704140100.0	2-3	800	15
1704140100.0	2-4	340	17
1704140100.0	2-5	340	17
1704140100.0	2-6	320	10
1704140100.0	2-7	760	9
1704141000.0	7-0	320	10
1704141000.0	7-1	320	10
1704141000.0	7-2	760	9
1704141000.0	7-3	320	10
1704141000.0	7-4	520	6
1704141000.0	7-5	720	6
1704141000.0	7-6	520	6
1704141000.0	8-0	320	11
1704141000.0	8-1	520	6
1704141000.0	8-2	320	12
1704141000.0	8-3	320	12
1704141000.0	8-4	300	1
1704141000.0	8-5	760	10
1704141000.0	8-6	720	7
1704141000.0	8-7	760	10
1704141000.0	8-8	760	11
1704141000.0	8-9	320	12
1704141000.0	8-10	520	7
1704141000.0	0-0	320	12
1704141000.0	0-1	760	12
1704141000.0	0-2	760	12
1704141000.0	0-3	760	12
1704141000.0	0-4	800	15
1704141000.0	0-5	320	13
1704141000.0	0-6	320	13
1704141000.0	13-0	760	12
1704141000.0	13-1	300	2
1704141000.0	13-2	720	8
1704141000.0	13-3	520	7
1704141000.0	13-4	300	3
1704141000.0	13-5	520	7
1704141000.0	13-6	760	13
1704141000.0	13-7	720	9
1704141000.0	13-8	520	7
1704141000.0	2-0	760	13
1704141000.0	2-1	760	14
1704141000.0	2-2	320	14
1704141000.0	2-3	720	10
1704141000.0	2-4	320	14
1704141000.0	2-5	340	17
1704141000.0	2-6	320	14
1704141000.0	2-7	800	15
1704141900.0	7-0	300	4
1704141900.0	7-1	300	5
1704141900.0	7-2	760	14
1704141900.0	7-3	300	6
1704141900.0	7-4	520	7
1704141900.0	7-5	760	14
1704141900.0	7-6	480	1
1704141900.0	8-0	300	7
1704141900.0	8-1	520	7
1704141900.0	8-2	320	14
1704141900.0	8-3	300	8
1704141900.0	8-4	300	8
1704141900.0	8-5	760	14
1704141900.0	8-6	760	15
1704141900.0	8-7	720	10
1704141900.0	8-8	760	15
1704141900.0	8-9	300	9
1704141900.0	8-10	520	7
1704141900.0	0-0	300	10
1704141900.0	0-1	720	11
1704141900.0	0-2	720	12
1704141900.0	0-3	720	13
1704141900.0	0-4	720	14
1704141900.0	0-5	320	14
1704141900.0	0-6	300	11
1704141900.0	13-0	720	15
1704141900.0	13-1	300	11
1704141900.0	13-2	760	16
1704141900.0	13-3	480	2
1704141900.0	13-4	300	11
1704141900.0	13-5	480	3
1704141900.0	13-6	720	16
1704141900.0	13-7	760	16
1704141900.0	13-8	480	4
1704141900.0	2-0	760	16
1704141900.0	2-1	760	16
1704141900.0	2-2	320	14
1704141900.0	2-3	680	8
1704141900.0	2-4	320	14
1704141900.0	2-5	320	15
1704141900.0	2-6	300	12
1704141900.0	2-7	760	16
1704142800.0	7-0	300	12
1704142800.0	7-1	300	12
1704142800.0	7-2	680	8
1704142800.0	7-3	300	12
1704142800.0	7-4	480	5
1704142800.0	7-5	720	13
1704142800.0	7-6	480	5
1704142800.0	8-0	280	1
1704142800.0	8-1	480	6
1704142800.0	8-2	300	13
1704142800.0	8-3	300	13
1704142800.0	8-4	280	2
1704142800.0	8-5	720	14
1704142800.0	8-6	720	14
1704142800.0	8-7	680	9
1704142800.0	8-8	720	15
1704142800.0	8-9	300	13
1704142800.0	8-10	480	7
1704142800.0	0-0	300	13
1704142800.0	0-1	720	15
1704142800.0	0-2	720	15
1704142800.0	0-3	680	10
1704142800.0	0-4	720	15
1704142800.0	0-5	300	14
1704142800.0	0-6	300	14
1704142800.0	13-0	720	15
1704142800.0	13-1	280	3
1704142800.0	13-2	720	15
1704142800.0	13-3	480	7
1704142800.0	13-4	300	14
1704142800.0	13-5	480	7
1704142800.0	13-6	720	15
1704142800.0	13-7	720	15
1704142800.0	13-8	480	7
1704142800.0	2-0	720	16
1704142800.0	2-1	680	11
1704142800.0	2-2	280	4
1704142800.0	2-3	720	16
1704142800.0	2-4	300	15
1704142800.0	2-5	280	5
1704142800.0	2-6	280	6
1704142800.0	2-7	680	12
1704143700.0	7-0	280	7
1704143700.0	7-1	280	8
1704143700.0	7-2	720	16
1704143700.0	7-3	280	9
1704143700.0	7-4	480	7
1704143700.0	7-5	680	12
1704143700.0	7-6	440	1
1704143700.0	8-0	280	9
1704143700.0	8-1	480	7
1704143700.0	8-2	280	10
1704143700.0	8-3	280	11
1704143700.0	8-4	280	11
1704143700.0	8-5	680	13
1704143700.0	8-6	680	14
1704143700.0	8-7	680	14
1704143700.0	8-8	640	5
1704143700.0	8-9	280	12
1704143700.0	8-10	440	2
1704143700.0	0-0	280	13
1704143700.0	0-1	680	15
1704143700.0	0-2	680	16
1704143700.0	0-3	640	6
1704143700.0	0-4	680	17
1704143700.0	0-5	260	1
1704143700.0	0-6	280	14
1704143700.0	13-0	680	18
1704143700.0	13-1	280	14
1704143700.0	13-2	640	7
1704143700.0	13-3	440	3
1704143700.0	13-4	280	15
1704143700.0	13-5	480	7
1704143700.0	13-6	680	19
1704143700.0	13-7	640	8
1704143700.0	13-8	480	7
1704143700.0	2-0	640	9
1704143700.0	2-1	720	17
1704143700.0	2-2	280	15
1704143700.0	2-3	680	19
1704143700.0	2-4	280	16
1704143700.0	2-5	260	2
1704143700.0	2-6	280	16
1704143700.0	2-7	680	19
1704144600.0	7-0	280	16
1704144600.0	7-1	260	3
1704144600.0	7-2	600	8
1704144600.0	7-3	260	4
1704144600.0	7-4	440	4
1704144600.0	7-5	600	9
1704144600.0	7-6	440	4
1704144600.0	8-0	260	5
1704144600.0	8-1	440	5
1704144600.0	8-2	260	6
1704144600.0	8-3	260	7
1704144600.0	8-4	260	8
1704144600.0	8-5	640	9
1704144600.0	8-6	640	10
1704144600.0	8-7	640	11
1704144600.0	8-8	680	15
1704144600.0	8-9	260	9
1704144600.0	8-10	440	5
1704144600.0	0-0	280	16
1704144600.0	0-1	640	12
1704144600.0	0-2	680	15
1704144600.0	0-3	640	12
1704144600.0	0-4	640	13
1704144600.0	0-5	260	9
1704144600.0	0-6	260	10
1704144600.0	13-0	640	14
1704144600.0	13-1	260	11
1704144600.0	13-2	640	14
1704144600.0	13-3	440	5
1704144600.0	13-4	260	12
1704144600.0	13-5	440	6
1704144600.0	13-6	640	15
1704144600.0	13-7	680	16
1704144600.0	13-8	440	7
1704144600.0	2-0	600	10
1704144600.0	2-1	640	16
1704144600.0	2-2	260	13
1704144600.0	2-3	640	17
1704144600.0	2-4	260	14
1704144600.0	2-5	260	14
1704144600.0	2-6	260	15
1704144600.0	2-7	600	11
1704145500.0	7-0	240	1
1704145500.0	7-1	240	2
1704145500.0	7-2	560	6
1704145500.0	7-3	240	3
1704145500.0	7-4	440	7
1704145500.0	7-5	600	11
1704145500.0	7-6	440	7
1704145500.0	8-0	260	15
1704145500.0	8-1	400	1
1704145500.0	8-2	240	4
1704145500.0	8-3	240	5
1704145500.0	8-4	260	15
1704145500.0	8-5	600	12
1704145500.0	8-6	600	13
1704145500.0	8-7	600	14
1704145500.0	8-8	600	15
1704145500.0	8-9	260	15
1704145500.0	8-10	400	2
1704145500.0	0-0	240	6
1704145500.0	0-1	600	16
1704145500.0	0-2	600	17
1704145500.0	0-3	600	18
1704145500.0	0-4	600	19
1704145500.0	0-5	240	7
1704145500.0	0-6	240	8
1704145500.0	13-0	600	20
1704145500.0	13-1	240	9
1704145500.0	13-2	600	21
1704145500.0	13-3	400	3
1704145500.0	13-4	240	10
1704145500.0	13-5	440	7
1704145500.0	13-6	640	14
1704145500.0	13-7	600	22
1704145500.0	13-8	440	7
1704145500.0	2-0	560	7
1704145500.0	2-1	600	23
1704145500.0	2-2	240	11
1704145500.0	2-3	600	24
1704145500.0	2-4	240	12
1704145500.0	2-5	260	15
1704145500.0	2-6	240	13
1704145500.0	2-7	600	24
1704146400.0	7-0	220	1
1704146400.0	7-1	240	13
1704146400.0	7-2	560	7
1704146400.0	7-3	220	2
1704146400.0	7-4	400	4
1704146400.0	7-5	560	8
1704146400.0	7-6	380	1
1704146400.0	8-0	240	14
1704146400.0	8-1	400	4
1704146400.0	8-2	240	14
1704146400.0	8-3	240	14
1704146400.0	8-4	220	3
1704146400.0	8-5	520	8
1704146400.0	8-6	560	9
1704146400.0	8-7	560	10
1704146400.0	8-8	560	11
1704146400.0	8-9	220	4
1704146400.0	8-10	400	4
1704146400.0	0-0	240	14
1704146400.0	0-1	560	12
1704146400.0	0-2	520	9
1704146400.0	0-3	600	19
1704146400.0	0-4	560	13
1704146400.0	0-5	240	14
1704146400.0	0-6	240	14
1704146400.0	13-0	560	14
1704146400.0	13-1	240	14
1704146400.0	13-2	560	15
1704146400.0	13-3	380	2
1704146400.0	13-4	240	14
1704146400.0	13-5	380	3
1704146400.0	13-6	520	10
1704146400.0	13-7	560	16
1704146400.0	13-8	380	4
1704146400.0	2-0	560	16
1704146400.0	2-1	520	11
1704146400.0	2-2	240	14
1704146400.0	2-3	560	17
1704146400.0	2-4	220	5
1704146400.0	2-5	240	15
1704146400.0	2-6	240	15
1704146400.0	2-7	520	12
1704147300.0	7-0	220	5
1704147300.0	7-1	200	1
1704147300.0	7-2	520	13
1704147300.0	7-3	220	5
1704147300.0	7-4	380	5
1704147300.0	7-5	520	14
1704147300.0	7-6	360	1
1704147300.0	8-0	220	6
1704147300.0	8-1	340	10
1704147300.0	8-2	200	2
1704147300.0	8-3	200	3
1704147300.0	8-4	220	6
1704147300.0	8-5	520	14
1704147300.0	8-6	520	15
1704147300.0	8-7	520	16
1704147300.0	8-8	520	17
1704147300.0	8-9	220	6
1704147300.0	8-10	360	2
1704147300.0	0-0	220	7
1704147300.0	0-1	520	18
1704147300.0	0-2	480	8
1704147300.0	0-3	520	19
1704147300.0	0-4	520	20
1704147300.0	0-5	220	8
1704147300.0	0-6	220	9
1704147300.0	13-0	520	21
1704147300.0	13-1	220	10
1704147300.0	13-2	520	22
1704147300.0	13-3	340	11
1704147300.0	13-4	220	11
1704147300.0	13-5	340	12
1704147300.0	13-6	520	22
1704147300.0	13-7	520	23
1704147300.0	13-8	360	3
1704147300.0	2-0	480	9
1704147300.0	2-1	520	23
1704147300.0	2-2	220	12
1704147300.0	2-3	480	10
1704147300.0	2-4	220	12
1704147300.0	2-5	220	13
1704147300.0	2-6	200	4
1704147300.0	2-7	520	23
1704148200.0	7-0	190	1
1704148200.0	7-1	200	4
1704148200.0	7-2	480	11
1704148200.0	7-3	200	5
1704148200.0	7-4	340	5
1704148200.0	7-5	440	8
1704148200.0	7-6	320	15
1704148200.0	8-0	200	6
1704148200.0	8-1	320	16
1704148200.0	8-2	190	2
1704148200.0	8-3	200	6
1704148200.0	8-4	200	7
1704148200.0	8-5	480	12
1704148200.0	8-6	480	13
1704148200.0	8-7	440	9
1704148200.0	8-8	480	14
1704148200.0	8-9	190	3
1704148200.0	8-10	320	17
1704148200.0	0-0	190	4
1704148200.0	0-1	480	15
1704148200.0	0-2	480	15
1704148200.0	0-3	480	16
1704148200.0	0-4	480	17
1704148200.0	0-5	200	8
1704148200.0	0-6	200	9
1704148200.0	13-0	480	18
1704148200.0	13-1	200	10
1704148200.0	13-2	480	19
1704148200.0	13-3	340	5
1704148200.0	13-4	190	5
1704148200.0	13-5	320	18
1704148200.0	13-6	440	10
1704148200.0	13-7	480	20
1704148200.0	13-8	340	6
1704148200.0	2-0	480	20
1704148200.0	2-1	480	21
1704148200.0	2-2	200	11
1704148200.0	2-3	480	21
1704148200.0	2-4	200	12
1704148200.0	2-5	200	13
1704148200.0	2-6	200	13
1704148200.0	2-7	440	11
1704149100.0	7-0	180	1
1704149100.0	7-1	180	2
1704149100.0	7-2	440	12
1704149100.0	7-3	180	3
1704149100.0	7-4	300	16
1704149100.0	7-5	440	12
1704149100.0	7-6	300	17
1704149100.0	8-0	180	4
1704149100.0	8-1	300	18
1704149100.0	8-2	180	5
1704149100.0	8-3	180	6
1704149100.0	8-4	180	7
1704149100.0	8-5	440	13
1704149100.0	8-6	440	14
1704149100.0	8-7	440	14
1704149100.0	8-8	440	15
1704149100.0	8-9	190	5
1704149100.0	8-10	300	19
1704149100.0	0-0	170	1
1704149100.0	0-1	400	5
1704149100.0	0-2	440	16
1704149100.0	0-3	440	17
1704149100.0	0-4	440	18
1704149100.0	0-5	180	8
1704149100.0	0-6	180	9
1704149100.0	13-0	440	19
1704149100.0	13-1	180	10
1704149100.0	13-2	440	20
1704149100.0	13-3	300	20
1704149100.0	13-4	170	2
1704149100.0	13-5	300	21
1704149100.0	13-6	440	20
1704149100.0	13-7	400	6
1704149100.0	13-8	300	22
1704149100.0	2-0	440	21
1704149100.0	2-1	440	22
1704149100.0	2-2	180	11
1704149100.0	2-3	440	23
1704149100.0	2-4	180	12
1704149100.0	2-5	180	13
1704149100.0	2-6	170	3
1704149100.0	2-7	400	7
