1704063600.0	13-0	170	1
1704063600.0	13-1	160	1
1704063600.0	13-2	170	2
1704063600.0	13-3	260	1
1704063600.0	13-4	280	1
1704063600.0	13-5	400	1
1704063600.0	7-0	160	2
1704063600.0	7-1	280	2
1704063600.0	7-2	160	3
1704063600.0	7-3	170	3
1704063600.0	7-4	170	4
1704063600.0	7-5	170	5
1704063600.0	7-6	280	3
1704063600.0	7-7	380	1
1704063600.0	7-8	160	4
1704063600.0	10-0	260	2
1704063600.0	10-1	170	6
1704063600.0	10-2	380	2
1704063600.0	10-3	260	3
1704063600.0	10-4	260	4
1704063600.0	10-5	260	5
1704063600.0	10-6	160	5
1704063600.0	10-7	1120	1
1704063600.0	10-8	280	4
1704063600.0	10-9	170	7
1704063600.0	4-0	260	6
1704063600.0	4-1	380	3
1704063600.0	4-2	400	2
1704063600.0	4-3	260	7
1704063600.0	4-4	170	8
1704063600.0	4-5	400	3
1704063600.0	3-0	160	6
1704063600.0	3-1	280	5
1704063600.0	3-2	400	4
1704063600.0	3-3	280	6
1704063600.0	3-4	160	7
1704063600.0	3-5	280	7
1704063600.0	3-6	170	9
1704063600.0	3-7	170	10
1704063600.0	3-8	280	8
1704064500.0	13-0	150	1
1704064500.0	13-1	150	2
1704064500.0	13-2	150	3
1704064500.0	13-3	240	1
1704064500.0	13-4	260	8
1704064500.0	13-5	360	1
1704064500.0	7-0	150	4
1704064500.0	7-1	240	2
1704064500.0	7-2	160	7
1704064500.0	7-3	150	5
1704064500.0	7-4	140	1
1704064500.0	7-5	160	8
1704064500.0	7-6	240	3
1704064500.0	7-7	380	3
1704064500.0	7-8	150	6
1704064500.0	10-0	240	4
1704064500.0	10-1	150	7
1704064500.0	10-2	340	1
1704064500.0	10-3	240	5
1704064500.0	10-4	240	6
1704064500.0	10-5	240	7
1704064500.0	10-6	150	8
1704064500.0	10-7	1120	1
1704064500.0	10-8	260	9
1704064500.0	10-9	150	9
1704064500.0	4-0	240	8
1704064500.0	4-1	360	2
1704064500.0	4-2	360	3
1704064500.0	4-3	240	9
1704064500.0	4-4	150	10
1704064500.0	4-5	360	4
1704064500.0	3-0	150	11
1704064500.0	3-1	240	10
1704064500.0	3-2	380	4
1704064500.0	3-3	240	11
1704064500.0	3-4	150	12
1704064500.0	3-5	260	10
1704064500.0	3-6	150	13
1704064500.0	3-7	140	2
1704064500.0	3-8	240	12
1704065400.0	13-0	130	1
1704065400.0	13-1	130	2
1704065400.0	13-2	140	3
1704065400.0	13-3	220	1
1704065400.0	13-4	220	2
1704065400.0	13-5	340	2
1704065400.0	7-0	130	3
1704065400.0	7-1	220	3
1704065400.0	7-2	140	4
1704065400.0	7-3	130	4
1704065400.0	7-4	140	4
1704065400.0	7-5	130	5
1704065400.0	7-6	220	4
1704065400.0	7-7	320	1
1704065400.0	7-8	130	6
1704065400.0	10-0	220	5
1704065400.0	10-1	130	7
1704065400.0	10-2	300	1
1704065400.0	10-3	220	6
1704065400.0	10-4	220	7
1704065400.0	10-5	220	8
1704065400.0	10-6	130	8
1704065400.0	10-7	1120	1
1704065400.0	10-8	220	9
1704065400.0	10-9	130	9
1704065400.0	4-0	220	10
1704065400.0	4-1	320	2
1704065400.0	4-2	320	3
1704065400.0	4-3	220	11
1704065400.0	4-4	130	10
1704065400.0	4-5	320	4
1704065400.0	3-0	140	5
1704065400.0	3-1	220	12
1704065400.0	3-2	340	3
1704065400.0	3-3	220	13
1704065400.0	3-4	130	11
1704065400.0	3-5	240	13
1704065400.0	3-6	130	12
1704065400.0	3-7	140	5
1704065400.0	3-8	220	14
1704066300.0	13-0	120	1
1704066300.0	13-1	120	2
1704066300.0	13-2	120	3
1704066300.0	13-3	200	1
1704066300.0	13-4	190	1
1704066300.0	13-5	280	9
1704066300.0	7-0	120	4
1704066300.0	7-1	190	2
1704066300.0	7-2	120	5
1704066300.0	7-3	120	6
1704066300.0	7-4	130	13
1704066300.0	7-5	120	7
1704066300.0	7-6	200	2
1704066300.0	7-7	300	2
1704066300.0	7-8	120	8
1704066300.0	10-0	200	3
1704066300.0	10-1	130	13
1704066300.0	10-2	300	2
1704066300.0	10-3	200	4
1704066300.0	10-4	200	5
1704066300.0	10-5	200	6
1704066300.0	10-6	120	9
1704066300.0	10-7	1120	1
1704066300.0	10-8	200	7
1704066300.0	10-9	130	13
1704066300.0	4-0	200	8
1704066300.0	4-1	300	3
1704066300.0	4-2	300	4
1704066300.0	4-3	200	9
1704066300.0	4-4	120	10
1704066300.0	4-5	300	5
1704066300.0	3-0	120	11
1704066300.0	3-1	200	10
1704066300.0	3-2	280	10
1704066300.0	3-3	200	11
1704066300.0	3-4	120	12
1704066300.0	3-5	200	12
1704066300.0	3-6	120	13
1704066300.0	3-7	120	14
1704066300.0	3-8	200	13
1704067200.0	13-0	110	1
1704067200.0	13-1	110	2
1704067200.0	13-2	110	3
1704067200.0	13-3	180	1
1704067200.0	13-4	170	11
1704067200.0	13-5	260	11
1704067200.0	7-0	110	4
1704067200.0	7-1	170	12
1704067200.0	7-2	110	5
1704067200.0	7-3	120	14
1704067200.0	7-4	110	6
1704067200.0	7-5	110	7
1704067200.0	7-6	170	13
1704067200.0	7-7	260	12
1704067200.0	7-8	110	8
1704067200.0	10-0	190	3
1704067200.0	10-1	110	9
1704067200.0	10-2	260	13
1704067200.0	10-3	180	2
1704067200.0	10-4	180	3
1704067200.0	10-5	190	4
1704067200.0	10-6	110	10
1704067200.0	10-7	1120	1
1704067200.0	10-8	180	4
1704067200.0	10-9	120	15
1704067200.0	4-0	180	5
1704067200.0	4-1	260	14
1704067200.0	4-2	280	11
1704067200.0	4-3	180	6
1704067200.0	4-4	110	11
1704067200.0	4-5	260	15
1704067200.0	3-0	110	12
1704067200.0	3-1	180	7
1704067200.0	3-2	280	11
1704067200.0	3-3	190	5
1704067200.0	3-4	110	13
1704067200.0	3-5	180	8
1704067200.0	3-6	110	14
1704067200.0	3-7	110	15
1704067200.0	3-8	180	9
1704068100.0	13-0	100	1
1704068100.0	13-1	100	2
1704068100.0	13-2	100	3
1704068100.0	13-3	160	9
1704068100.0	13-4	170	13
1704068100.0	13-5	240	14
1704068100.0	7-0	100	4
1704068100.0	7-1	170	13
1704068100.0	7-2	100	5
1704068100.0	7-3	95	1
1704068100.0	7-4	100	6
1704068100.0	7-5	100	7
1704068100.0	7-6	170	13
1704068100.0	7-7	240	15
1704068100.0	7-8	95	2
1704068100.0	10-0	180	10
1704068100.0	10-1	100	8
1704068100.0	10-2	240	16
1704068100.0	10-3	180	10
1704068100.0	10-4	170	14
1704068100.0	10-5	180	11
1704068100.0	10-6	110	15
1704068100.0	10-7	1040	1
1704068100.0	10-8	170	15
1704068100.0	10-9	100	9
1704068100.0	4-0	160	10
1704068100.0	4-1	240	17
1704068100.0	4-2	240	18
1704068100.0	4-3	170	16
1704068100.0	4-4	100	10
1704068100.0	4-5	240	19
1704068100.0	3-0	100	11
1704068100.0	3-1	170	17
1704068100.0	3-2	240	20
1704068100.0	3-3	170	18
1704068100.0	3-4	100	12
1704068100.0	3-5	170	19
1704068100.0	3-6	100	13
1704068100.0	3-7	110	15
1704068100.0	3-8	160	11
1704069000.0	13-0	100	13
1704069000.0	13-1	95	3
1704069000.0	13-2	95	4
1704069000.0	13-3	150	14
1704069000.0	13-4	150	15
1704069000.0	13-5	220	15
1704069000.0	7-0	90	1
1704069000.0	7-1	160	12
1704069000.0	7-2	100	13
1704069000.0	7-3	90	2
1704069000.0	7-4	100	13
1704069000.0	7-5	90	3
1704069000.0	7-6	160	13
1704069000.0	7-7	220	16
1704069000.0	7-8	100	14
1704069000.0	10-0	160	14
1704069000.0	10-1	100	14
1704069000.0	10-2	240	20
1704069000.0	10-3	160	15
1704069000.0	10-4	160	16
1704069000.0	10-5	160	17
1704069000.0	10-6	100	15
1704069000.0	10-7	1040	1
1704069000.0	10-8	160	18
1704069000.0	10-9	95	5
1704069000.0	4-0	150	16
1704069000.0	4-1	240	20
1704069000.0	4-2	220	17
1704069000.0	4-3	160	19
1704069000.0	4-4	95	6
1704069000.0	4-5	220	18
1704069000.0	3-0	90	4
1704069000.0	3-1	160	20
1704069000.0	3-2	240	20
1704069000.0	3-3	160	21
1704069000.0	3-4	95	7
1704069000.0	3-5	160	22
1704069000.0	3-6	100	15
1704069000.0	3-7	95	8
1704069000.0	3-8	160	22
1704069900.0	13-0	90	5
1704069900.0	13-1	90	6
1704069900.0	13-2	95	8
1704069900.0	13-3	150	16
1704069900.0	13-4	160	23
1704069900.0	13-5	220	18
1704069900.0	7-0	95	9
1704069900.0	7-1	150	17
1704069900.0	7-2	90	7
1704069900.0	7-3	90	7
1704069900.0	7-4	95	10
1704069900.0	7-5	95	11
1704069900.0	7-6	150	18
1704069900.0	7-7	220	18
1704069900.0	7-8	95	11
1704069900.0	10-0	150	19
1704069900.0	10-1	95	12
1704069900.0	10-2	220	19
1704069900.0	10-3	150	20
1704069900.0	10-4	150	21
1704069900.0	10-5	150	22
1704069900.0	10-6	95	13
1704069900.0	10-7	960	1
1704069900.0	10-8	160	23
1704069900.0	10-9	90	8
1704069900.0	4-0	160	23
1704069900.0	4-1	220	20
1704069900.0	4-2	220	20
1704069900.0	4-3	150	23
1704069900.0	4-4	90	9
1704069900.0	4-5	220	20
1704069900.0	3-0	90	9
1704069900.0	3-1	150	24
1704069900.0	3-2	220	21
1704069900.0	3-3	160	23
1704069900.0	3-4	90	10
1704069900.0	3-5	150	25
1704069900.0	3-6	90	11
1704069900.0	3-7	90	12
1704069900.0	3-8	150	26
1704070800.0	13-0	90	12
1704070800.0	13-1	85	1
1704070800.0	13-2	85	2
1704070800.0	13-3	140	6
1704070800.0	13-4	140	7
1704070800.0	13-5	220	21
1704070800.0	7-0	90	12
1704070800.0	7-1	150	26
1704070800.0	7-2	85	3
1704070800.0	7-3	85	4
1704070800.0	7-4	95	13
1704070800.0	7-5	85	5
1704070800.0	7-6	150	26
1704070800.0	7-7	220	21
1704070800.0	7-8	90	13
1704070800.0	10-0	140	8
1704070800.0	10-1	85	6
1704070800.0	10-2	220	21
1704070800.0	10-3	150	26
1704070800.0	10-4	150	26
1704070800.0	10-5	150	26
1704070800.0	10-6	85	7
1704070800.0	10-7	1040	1
1704070800.0	10-8	150	27
1704070800.0	10-9	90	13
1704070800.0	4-0	150	27
1704070800.0	4-1	200	14
1704070800.0	4-2	220	21
1704070800.0	4-3	150	27
1704070800.0	4-4	85	8
1704070800.0	4-5	200	15
1704070800.0	3-0	85	9
1704070800.0	3-1	150	27
1704070800.0	3-2	220	21
1704070800.0	3-3	150	28
1704070800.0	3-4	90	13
1704070800.0	3-5	150	28
1704070800.0	3-6	85	10
1704070800.0	3-7	90	13
1704070800.0	3-8	150	28
1704071700.0	13-0	85	11
1704071700.0	13-1	85	11
1704071700.0	13-2	85	11
1704071700.0	13-3	140	8
1704071700.0	13-4	140	8
1704071700.0	13-5	220	21
1704071700.0	7-0	85	12
1704071700.0	7-1	150	28
1704071700.0	7-2	90	13
1704071700.0	7-3	90	13
1704071700.0	7-4	90	14
1704071700.0	7-5	85	12
1704071700.0	7-6	150	28
1704071700.0	7-7	200	16
1704071700.0	7-8	90	14
1704071700.0	10-0	150	28
1704071700.0	10-1	85	12
1704071700.0	10-2	200	17
1704071700.0	10-3	140	9
1704071700.0	10-4	150	28
1704071700.0	10-5	150	28
1704071700.0	10-6	85	12
1704071700.0	10-7	1040	1
1704071700.0	10-8	150	28
1704071700.0	10-9	90	14
1704071700.0	4-0	150	28
1704071700.0	4-1	200	17
1704071700.0	4-2	200	18
1704071700.0	4-3	140	10
1704071700.0	4-4	90	14
1704071700.0	4-5	200	18
1704071700.0	3-0	90	14
1704071700.0	3-1	150	28
1704071700.0	3-2	220	21
1704071700.0	3-3	150	28
1704071700.0	3-4	85	13
1704071700.0	3-5	140	11
1704071700.0	3-6	85	13
1704071700.0	3-7	85	14
1704071700.0	3-8	150	28
1704072600.0	13-0	90	14
1704072600.0	13-1	90	14
1704072600.0	13-2	90	15
1704072600.0	13-3	140	11
1704072600.0	13-4	150	15
1704072600.0	13-5	220	21
1704072600.0	7-0	90	15
1704072600.0	7-1	140	12
1704072600.0	7-2	90	15
1704072600.0	7-3	90	15
1704072600.0	7-4	90	15
1704072600.0	7-5	85	14
1704072600.0	7-6	140	13
1704072600.0	7-7	200	18
1704072600.0	7-8	85	15
1704072600.0	10-0	150	15
1704072600.0	10-1	85	15
1704072600.0	10-2	220	21
1704072600.0	10-3	150	15
1704072600.0	10-4	140	14
1704072600.0	10-5	140	15
1704072600.0	10-6	85	15
1704072600.0	10-7	1040	1
1704072600.0	10-8	140	16
1704072600.0	10-9	90	15
1704072600.0	4-0	150	15
1704072600.0	4-1	200	18
1704072600.0	4-2	200	18
1704072600.0	4-3	140	16
1704072600.0	4-4	90	15
1704072600.0	4-5	220	21
1704072600.0	3-0	85	15
1704072600.0	3-1	140	17
1704072600.0	3-2	220	21
1704072600.0	3-3	140	18
1704072600.0	3-4	85	15
1704072600.0	3-5	150	15
1704072600.0	3-6	90	15
1704072600.0	3-7	85	15
1704072600.0	3-8	140	19
1704073500.0	13-0	85	15
1704073500.0	13-1	85	15
1704073500.0	13-2	85	15
1704073500.0	13-3	150	15
1704073500.0	13-4	140	14
1704073500.0	13-5	200	19
1704073500.0	7-0	85	15
1704073500.0	7-1	150	15
1704073500.0	7-2	90	15
1704073500.0	7-3	90	15
1704073500.0	7-4	90	15
1704073500.0	7-5	90	15
1704073500.0	7-6	140	14
1704073500.0	7-7	220	7
1704073500.0	7-8	90	15
1704073500.0	10-0	140	14
1704073500.0	10-1	80	1
1704073500.0	10-2	200	19
1704073500.0	10-3	150	15
1704073500.0	10-4	140	14
1704073500.0	10-5	140	14
1704073500.0	10-6	90	16
1704073500.0	10-7	1040	1
1704073500.0	10-8	140	14
1704073500.0	10-9	90	16
1704073500.0	4-0	140	15
1704073500.0	4-1	200	19
1704073500.0	4-2	220	7
1704073500.0	4-3	150	15
1704073500.0	4-4	90	16
1704073500.0	4-5	200	19
1704073500.0	3-0	85	15
1704073500.0	3-1	140	15
1704073500.0	3-2	220	7
1704073500.0	3-3	150	15
1704073500.0	3-4	90	16
1704073500.0	3-5	140	15
1704073500.0	3-6	90	16
1704073500.0	3-7	85	15
1704073500.0	3-8	140	15
1704074400.0	13-0	85	15
1704074400.0	13-1	85	15
1704074400.0	13-2	80	2
1704074400.0	13-3	140	15
1704074400.0	13-4	140	15
1704074400.0	13-5	200	6
1704074400.0	7-0	90	16
1704074400.0	7-1	150	15
1704074400.0	7-2	85	15
1704074400.0	7-3	85	15
1704074400.0	7-4	85	16
1704074400.0	7-5	85	16
1704074400.0	7-6	140	15
1704074400.0	7-7	220	7
1704074400.0	7-8	85	16
1704074400.0	10-0	140	15
1704074400.0	10-1	85	16
1704074400.0	10-2	200	6
1704074400.0	10-3	140	15
1704074400.0	10-4	140	15
1704074400.0	10-5	150	15
1704074400.0	10-6	85	16
1704074400.0	10-7	1040	1
1704074400.0	10-8	150	15
1704074400.0	10-9	85	17
1704074400.0	4-0	150	15
1704074400.0	4-1	200	6
1704074400.0	4-2	200	6
1704074400.0	4-3	140	15
1704074400.0	4-4	85	17
1704074400.0	4-5	200	6
1704074400.0	3-0	80	3
1704074400.0	3-1	150	15
1704074400.0	3-2	220	7
1704074400.0	3-3	140	15
1704074400.0	3-4	90	16
1704074400.0	3-5	140	15
1704074400.0	3-6	90	16
1704074400.0	3-7	85	17
1704074400.0	3-8	140	15
1704075300.0	13-0	85	17
1704075300.0	13-1	85	17
1704075300.0	13-2	90	16
1704075300.0	13-3	140	15
1704075300.0	13-4	140	15
1704075300.0	13-5	200	6
1704075300.0	7-0	85	17
1704075300.0	7-1	140	15
1704075300.0	7-2	85	17
1704075300.0	7-3	80	4
1704075300.0	7-4	90	16
1704075300.0	7-5	85	17
1704075300.0	7-6	140	15
1704075300.0	7-7	200	6
1704075300.0	7-8	80	5
1704075300.0	10-0	140	15
1704075300.0	10-1	90	17
1704075300.0	10-2	200	6
1704075300.0	10-3	140	15
1704075300.0	10-4	140	15
1704075300.0	10-5	140	15
1704075300.0	10-6	85	17
1704075300.0	10-7	1040	1
1704075300.0	10-8	140	15
1704075300.0	10-9	85	17
1704075300.0	4-0	150	15
1704075300.0	4-1	200	6
1704075300.0	4-2	200	6
1704075300.0	4-3	140	15
1704075300.0	4-4	80	6
1704075300.0	4-5	220	7
1704075300.0	3-0	85	17
1704075300.0	3-1	140	15
1704075300.0	3-2	200	7
1704075300.0	3-3	140	15
1704075300.0	3-4	85	17
1704075300.0	3-5	140	15
1704075300.0	3-6	85	17
1704075300.0	3-7	85	17
1704075300.0	3-8	140	15
1704076200.0	13-0	85	17
1704076200.0	13-1	90	17
1704076200.0	13-2	90	17
1704076200.0	13-3	130	1
1704076200.0	13-4	150	15
1704076200.0	13-5	220	7
1704076200.0	7-0	80	7
1704076200.0	7-1	140	15
1704076200.0	7-2	80	8
1704076200.0	7-3	80	8
1704076200.0	7-4	80	9
1704076200.0	7-5	85	17
1704076200.0	7-6	140	15
1704076200.0	7-7	200	7
1704076200.0	7-8	85	17
1704076200.0	10-0	140	15
1704076200.0	10-1	85	17
1704076200.0	10-2	200	7
1704076200.0	10-3	140	15
1704076200.0	10-4	150	15
1704076200.0	10-5	140	15
1704076200.0	10-6	90	17
1704076200.0	10-7	960	1
1704076200.0	10-8	140	15
1704076200.0	10-9	85	17
1704076200.0	4-0	140	15
1704076200.0	4-1	200	7
1704076200.0	4-2	220	7
1704076200.0	4-3	130	2
1704076200.0	4-4	85	17
1704076200.0	4-5	200	7
1704076200.0	3-0	80	9
1704076200.0	3-1	140	15
1704076200.0	3-2	200	7
1704076200.0	3-3	150	15
1704076200.0	3-4	80	10
1704076200.0	3-5	140	15
1704076200.0	3-6	80	11
1704076200.0	3-7	85	17
1704076200.0	3-8	140	15
1704077100.0	13-0	80	12
1704077100.0	13-1	90	17
1704077100.0	13-2	85	17
1704077100.0	13-3	140	15
1704077100.0	13-4	140	15
1704077100.0	13-5	200	7
1704077100.0	7-0	85	17
1704077100.0	7-1	130	3
1704077100.0	7-2	80	12
1704077100.0	7-3	85	17
1704077100.0	7-4	85	17
1704077100.0	7-5	80	13
1704077100.0	7-6	140	15
1704077100.0	7-7	190	1
1704077100.0	7-8	80	13
1704077100.0	10-0	140	15
1704077100.0	10-1	85	17
1704077100.0	10-2	200	7
1704077100.0	10-3	130	4
1704077100.0	10-4	140	15
1704077100.0	10-5	140	15
1704077100.0	10-6	80	14
1704077100.0	10-7	1040	1
1704077100.0	10-8	130	5
1704077100.0	10-9	80	15
1704077100.0	4-0	140	15
1704077100.0	4-1	190	2
1704077100.0	4-2	220	7
1704077100.0	4-3	130	5
1704077100.0	4-4	90	17
1704077100.0	4-5	200	7
1704077100.0	3-0	80	15
1704077100.0	3-1	140	15
1704077100.0	3-2	200	7
1704077100.0	3-3	140	15
1704077100.0	3-4	85	17
1704077100.0	3-5	140	15
1704077100.0	3-6	85	17
1704077100.0	3-7	85	17
1704077100.0	3-8	130	6
1704078000.0	13-0	80	15
1704078000.0	13-1	85	17
1704078000.0	13-2	85	17
1704078000.0	13-3	140	15
1704078000.0	13-4	130	7
1704078000.0	13-5	200	7
1704078000.0	7-0	85	17
1704078000.0	7-1	150	15
1704078000.0	7-2	90	17
1704078000.0	7-3	80	15
1704078000.0	7-4	85	17
1704078000.0	7-5	90	17
1704078000.0	7-6	130	8
1704078000.0	7-7	220	6
1704078000.0	7-8	80	15
1704078000.0	10-0	150	15
1704078000.0	10-1	85	17
1704078000.0	10-2	220	6
1704078000.0	10-3	140	15
1704078000.0	10-4	140	15
1704078000.0	10-5	140	15
1704078000.0	10-6	85	17
1704078000.0	10-7	960	1
1704078000.0	10-8	140	15
1704078000.0	10-9	80	15
1704078000.0	4-0	150	15
1704078000.0	4-1	200	7
1704078000.0	4-2	200	7
1704078000.0	4-3	140	15
1704078000.0	4-4	85	17
1704078000.0	4-5	190	3
1704078000.0	3-0	85	17
1704078000.0	3-1	140	15
1704078000.0	3-2	200	7
1704078000.0	3-3	130	9
1704078000.0	3-4	80	15
1704078000.0	3-5	140	15
1704078000.0	3-6	80	15
1704078000.0	3-7	85	17
1704078000.0	3-8	140	15
1704078900.0	13-0	85	17
1704078900.0	13-1	90	16
1704078900.0	13-2	80	15
1704078900.0	13-3	140	15
1704078900.0	13-4	140	15
1704078900.0	13-5	200	7
1704078900.0	7-0	85	17
1704078900.0	7-1	150	15
1704078900.0	7-2	90	16
1704078900.0	7-3	80	15
1704078900.0	7-4	85	17
1704078900.0	7-5	80	15
1704078900.0	7-6	140	15
1704078900.0	7-7	200	7
1704078900.0	7-8	80	15
1704078900.0	10-0	130	10
1704078900.0	10-1	80	15
1704078900.0	10-2	200	7
1704078900.0	10-3	140	15
1704078900.0	10-4	130	11
1704078900.0	10-5	140	15
1704078900.0	10-6	85	17
1704078900.0	10-7	1040	1
1704078900.0	10-8	140	15
1704078900.0	10-9	85	17
1704078900.0	4-0	140	15
1704078900.0	4-1	200	7
1704078900.0	4-2	200	7
1704078900.0	4-3	150	15
1704078900.0	4-4	85	17
1704078900.0	4-5	200	7
1704078900.0	3-0	85	17
1704078900.0	3-1	140	15
1704078900.0	3-2	190	4
1704078900.0	3-3	140	15
1704078900.0	3-4	85	17
1704078900.0	3-5	140	15
1704078900.0	3-6	85	17
1704078900.0	3-7	80	16
1704078900.0	3-8	140	15
1704079800.0	13-0	90	15
1704079800.0	13-1	85	17
1704079800.0	13-2	85	17
1704079800.0	13-3	140	15
1704079800.0	13-4	150	13
1704079800.0	13-5	200	7
1704079800.0	7-0	85	17
1704079800.0	7-1	140	15
1704079800.0	7-2	85	17
1704079800.0	7-3	85	17
1704079800.0	7-4	85	17
1704079800.0	7-5	90	15
1704079800.0	7-6	150	14
1704079800.0	7-7	220	6
1704079800.0	7-8	80	16
1704079800.0	10-0	140	15
1704079800.0	10-1	85	17
1704079800.0	10-2	200	7
1704079800.0	10-3	140	15
1704079800.0	10-4	140	15
1704079800.0	10-5	140	15
1704079800.0	10-6	90	15
1704079800.0	10-7	1040	1
1704079800.0	10-8	150	14
1704079800.0	10-9	85	17
1704079800.0	4-0	150	14
1704079800.0	4-1	200	7
1704079800.0	4-2	200	7
1704079800.0	4-3	130	11
1704079800.0	4-4	90	15
1704079800.0	4-5	220	6
1704079800.0	3-0	85	17
1704079800.0	3-1	150	14
1704079800.0	3-2	200	7
1704079800.0	3-3	150	14
1704079800.0	3-4	85	17
1704079800.0	3-5	140	15
1704079800.0	3-6	90	15
1704079800.0	3-7	85	17
1704079800.0	3-8	140	15
1704080700.0	13-0	85	17
1704080700.0	13-1	85	17
1704080700.0	13-2	90	15
1704080700.0	13-3	150	13
1704080700.0	13-4	140	15
1704080700.0	13-5	220	6
1704080700.0	7-0	85	17
1704080700.0	7-1	140	15
1704080700.0	7-2	90	15
1704080700.0	7-3	85	17
1704080700.0	7-4	80	16
1704080700.0	7-5	85	17
1704080700.0	7-6	150	13
1704080700.0	7-7	220	6
1704080700.0	7-8	90	15
1704080700.0	10-0	140	15
1704080700.0	10-1	90	15
1704080700.0	10-2	220	6
1704080700.0	10-3	140	15
1704080700.0	10-4	140	15
1704080700.0	10-5	150	13
1704080700.0	10-6	90	15
1704080700.0	10-7	960	1
1704080700.0	10-8	150	13
1704080700.0	10-9	85	17
1704080700.0	4-0	140	15
1704080700.0	4-1	200	7
1704080700.0	4-2	200	7
1704080700.0	4-3	140	15
1704080700.0	4-4	85	17
1704080700.0	4-5	200	7
1704080700.0	3-0	90	16
1704080700.0	3-1	140	15
1704080700.0	3-2	220	6
1704080700.0	3-3	140	15
1704080700.0	3-4	90	16
1704080700.0	3-5	140	15
1704080700.0	3-6	90	16
1704080700.0	3-7	85	17
1704080700.0	3-8	140	15
1704081600.0	13-0	85	17
1704081600.0	13-1	85	17
1704081600.0	13-2	85	17
1704081600.0	13-3	140	15
1704081600.0	13-4	150	12
1704081600.0	13-5	200	7
1704081600.0	7-0	90	14
1704081600.0	7-1	150	12
1704081600.0	7-2	90	14
1704081600.0	7-3	85	17
1704081600.0	7-4	90	14
1704081600.0	7-5	85	17
1704081600.0	7-6	140	15
1704081600.0	7-7	200	7
1704081600.0	7-8	85	17
1704081600.0	10-0	140	15
1704081600.0	10-1	90	14
1704081600.0	10-2	220	6
1704081600.0	10-3	150	13
1704081600.0	10-4	150	13
1704081600.0	10-5	140	15
1704081600.0	10-6	85	17
1704081600.0	10-7	960	1
1704081600.0	10-8	140	15
1704081600.0	10-9	85	17
1704081600.0	4-0	150	13
1704081600.0	4-1	220	7
1704081600.0	4-2	220	7
1704081600.0	4-3	150	13
1704081600.0	4-4	90	14
1704081600.0	4-5	220	7
1704081600.0	3-0	85	17
1704081600.0	3-1	140	15
1704081600.0	3-2	200	7
1704081600.0	3-3	140	15
1704081600.0	3-4	90	14
1704081600.0	3-5	140	15
1704081600.0	3-6	85	17
1704081600.0	3-7	90	15
1704081600.0	3-8	150	14
1704082500.0	13-0	90	15
1704082500.0	13-1	90	15
1704082500.0	13-2	90	15
1704082500.0	13-3	160	1
1704082500.0	13-4	150	14
1704082500.0	13-5	220	7
1704082500.0	7-0	85	17
1704082500.0	7-1	150	14
1704082500.0	7-2	85	17
1704082500.0	7-3	90	16
1704082500.0	7-4	90	16
1704082500.0	7-5	90	16
1704082500.0	7-6	140	15
1704082500.0	7-7	220	7
1704082500.0	7-8	95	1
1704082500.0	10-0	150	14
1704082500.0	10-1	95	2
1704082500.0	10-2	200	7
1704082500.0	10-3	150	14
1704082500.0	10-4	150	14
1704082500.0	10-5	140	15
1704082500.0	10-6	85	17
1704082500.0	10-7	1040	1
1704082500.0	10-8	140	15
1704082500.0	10-9	95	3
1704082500.0	4-0	140	15
1704082500.0	4-1	200	7
1704082500.0	4-2	200	7
1704082500.0	4-3	160	2
1704082500.0	4-4	90	16
1704082500.0	4-5	220	7
1704082500.0	3-0	85	17
1704082500.0	3-1	150	14
1704082500.0	3-2	220	7
1704082500.0	3-3	150	14
1704082500.0	3-4	90	16
1704082500.0	3-5	150	15
1704082500.0	3-6	90	16
1704082500.0	3-7	85	17
1704082500.0	3-8	140	15
1704083400.0	13-0	95	4
1704083400.0	13-1	95	5
1704083400.0	13-2	95	6
1704083400.0	13-3	160	2
1704083400.0	13-4	150	15
1704083400.0	13-5	240	1
1704083400.0	7-0	95	7
1704083400.0	7-1	160	3
1704083400.0	7-2	100	1
1704083400.0	7-3	100	2
1704083400.0	7-4	100	3
1704083400.0	7-5	95	8
1704083400.0	7-6	160	4
1704083400.0	7-7	240	2
1704083400.0	7-8	100	4
1704083400.0	10-0	160	5
1704083400.0	10-1	90	16
1704083400.0	10-2	220	7
1704083400.0	10-3	160	6
1704083400.0	10-4	160	7
1704083400.0	10-5	160	8
1704083400.0	10-6	95	9
1704083400.0	10-7	1120	1
1704083400.0	10-8	160	9
1704083400.0	10-9	95	9
1704083400.0	4-0	160	10
1704083400.0	4-1	220	7
1704083400.0	4-2	220	7
1704083400.0	4-3	160	10
1704083400.0	4-4	90	16
1704083400.0	4-5	220	7
1704083400.0	3-0	90	16
1704083400.0	3-1	150	15
1704083400.0	3-2	240	3
1704083400.0	3-3	160	11
1704083400.0	3-4	90	16
1704083400.0	3-5	150	15
1704083400.0	3-6	95	10
1704083400.0	3-7	95	11
1704083400.0	3-8	160	12
1704084300.0	13-0	100	5
1704084300.0	13-1	110	1
1704084300.0	13-2	110	2
1704084300.0	13-3	170	1
1704084300.0	13-4	170	2
1704084300.0	13-5	260	1
1704084300.0	7-0	110	3
1704084300.0	7-1	180	1
1704084300.0	7-2	110	4
1704084300.0	7-3	100	5
1704084300.0	7-4	110	5
1704084300.0	7-5	100	6
1704084300.0	7-6	180	2
1704084300.0	7-7	240	3
1704084300.0	7-8	100	6
1704084300.0	10-0	170	3
1704084300.0	10-1	100	7
1704084300.0	10-2	260	2
1704084300.0	10-3	170	4
1704084300.0	10-4	180	3
1704084300.0	10-5	170	5
1704084300.0	10-6	100	8
1704084300.0	10-7	1120	1
1704084300.0	10-8	170	6
1704084300.0	10-9	100	9
1704084300.0	4-0	170	7
1704084300.0	4-1	240	4
1704084300.0	4-2	260	3
1704084300.0	4-3	170	8
1704084300.0	4-4	100	10
1704084300.0	4-5	240	5
1704084300.0	3-0	110	6
1704084300.0	3-1	170	9
1704084300.0	3-2	240	5
1704084300.0	3-3	180	4
1704084300.0	3-4	100	11
1704084300.0	3-5	170	10
1704084300.0	3-6	100	12
1704084300.0	3-7	110	7
1704084300.0	3-8	170	11
1704085200.0	13-0	130	7
1704085200.0	13-1	120	1
1704085200.0	13-2	120	2
1704085200.0	13-3	220	8
1704085200.0	13-4	200	8
1704085200.0	13-5	300	1
1704085200.0	7-0	130	8
1704085200.0	7-1	220	9
1704085200.0	7-2	120	3
1704085200.0	7-3	130	9
1704085200.0	7-4	130	10
1704085200.0	7-5	130	11
1704085200.0	7-6	200	9
1704085200.0	7-7	300	2
1704085200.0	7-8	130	12
1704085200.0	10-0	190	3
1704085200.0	10-1	120	4
1704085200.0	10-2	280	1
1704085200.0	10-3	200	10
1704085200.0	10-4	200	11
1704085200.0	10-5	200	12
1704085200.0	10-6	120	5
1704085200.0	10-7	1200	1
1704085200.0	10-8	200	13
1704085200.0	10-9	120	6
1704085200.0	4-0	200	14
1704085200.0	4-1	300	3
1704085200.0	4-2	280	2
1704085200.0	4-3	200	15
1704085200.0	4-4	130	13
1704085200.0	4-5	300	4
1704085200.0	3-0	130	14
1704085200.0	3-1	190	4
1704085200.0	3-2	300	5
1704085200.0	3-3	200	16
1704085200.0	3-4	120	7
1704085200.0	3-5	200	17
1704085200.0	3-6	120	8
1704085200.0	3-7	130	15
1704085200.0	3-8	200	18
1704086100.0	13-0	150	16
1704086100.0	13-1	150	17
1704086100.0	13-2	150	18
1704086100.0	13-3	260	4
1704086100.0	13-4	240	6
1704086100.0	13-5	340	1
1704086100.0	7-0	150	19
1704086100.0	7-1	240	7
1704086100.0	7-2	150	20
1704086100.0	7-3	150	21
1704086100.0	7-4	140	16
1704086100.0	7-5	140	17
1704086100.0	7-6	260	5
1704086100.0	7-7	360	1
1704086100.0	7-8	150	22
1704086100.0	10-0	260	6
1704086100.0	10-1	150	23
1704086100.0	10-2	360	2
1704086100.0	10-3	240	8
1704086100.0	10-4	260	7
1704086100.0	10-5	240	9
1704086100.0	10-6	140	18
1704086100.0	10-7	1200	1
1704086100.0	10-8	260	8
1704086100.0	10-9	150	24
1704086100.0	4-0	240	10
1704086100.0	4-1	360	3
1704086100.0	4-2	340	2
1704086100.0	4-3	260	9
1704086100.0	4-4	150	25
1704086100.0	4-5	380	1
1704086100.0	3-0	160	13
1704086100.0	3-1	260	10
1704086100.0	3-2	360	4
1704086100.0	3-3	240	11
1704086100.0	3-4	160	14
1704086100.0	3-5	260	11
1704086100.0	3-6	150	26
1704086100.0	3-7	150	27
1704086100.0	3-8	240	12
1704087000.0	13-0	180	5
1704087000.0	13-1	180	6
1704087000.0	13-2	190	3
1704087000.0	13-3	320	1
1704087000.0	13-4	300	6
1704087000.0	13-5	400	1
1704087000.0	7-0	190	4
1704087000.0	7-1	320	2
1704087000.0	7-2	190	5
1704087000.0	7-3	190	6
1704087000.0	7-4	190	7
1704087000.0	7-5	190	8
1704087000.0	7-6	300	7
1704087000.0	7-7	440	1
1704087000.0	7-8	180	7
1704087000.0	10-0	300	8
1704087000.0	10-1	190	9
1704087000.0	10-2	440	2
1704087000.0	10-3	300	9
1704087000.0	10-4	300	10
1704087000.0	10-5	300	11
1704087000.0	10-6	180	8
1704087000.0	10-7	1200	1
1704087000.0	10-8	300	12
1704087000.0	10-9	180	9
1704087000.0	4-0	300	13
1704087000.0	4-1	440	3
1704087000.0	4-2	440	4
1704087000.0	4-3	280	3
1704087000.0	4-4	190	10
1704087000.0	4-5	440	5
1704087000.0	3-0	180	10
1704087000.0	3-1	320	3
1704087000.0	3-2	440	6
1704087000.0	3-3	300	14
1704087000.0	3-4	190	11
1704087000.0	3-5	300	15
1704087000.0	3-6	170	12
1704087000.0	3-7	190	12
1704087000.0	3-8	300	16
1704087900.0	13-0	220	10
1704087900.0	13-1	220	11
1704087900.0	13-2	200	19
1704087900.0	13-3	360	5
1704087900.0	13-4	340	3
1704087900.0	13-5	560	1
1704087900.0	7-0	220	12
1704087900.0	7-1	360	6
1704087900.0	7-2	220	13
1704087900.0	7-3	220	14
1704087900.0	7-4	220	15
1704087900.0	7-5	200	20
1704087900.0	7-6	340	4
1704087900.0	7-7	520	1
1704087900.0	7-8	220	16
1704087900.0	10-0	360	7
1704087900.0	10-1	220	17
1704087900.0	10-2	520	2
1704087900.0	10-3	340	5
1704087900.0	10-4	380	2
1704087900.0	10-5	360	8
1704087900.0	10-6	220	18
1704087900.0	10-7	1280	1
1704087900.0	10-8	380	3
1704087900.0	10-9	220	19
1704087900.0	4-0	360	9
1704087900.0	4-1	520	3
1704087900.0	4-2	520	4
1704087900.0	4-3	340	6
1704087900.0	4-4	200	21
1704087900.0	4-5	520	5
1704087900.0	3-0	220	20
1704087900.0	3-1	360	10
1704087900.0	3-2	520	6
1704087900.0	3-3	360	11
1704087900.0	3-4	220	21
1704087900.0	3-5	360	12
1704087900.0	3-6	200	22
1704087900.0	3-7	220	22
1704087900.0	3-8	360	13
1704088800.0	13-0	260	12
1704088800.0	13-1	240	13
1704088800.0	13-2	240	14
1704088800.0	13-3	400	2
1704088800.0	13-4	400	3
1704088800.0	13-5	560	1
1704088800.0	7-0	240	15
1704088800.0	7-1	380	4
1704088800.0	7-2	240	16
1704088800.0	7-3	260	13
1704088800.0	7-4	240	17
1704088800.0	7-5	240	18
1704088800.0	7-6	440	7
1704088800.0	7-7	560	2
1704088800.0	7-8	240	19
1704088800.0	10-0	400	4
1704088800.0	10-1	260	14
1704088800.0	10-2	560	3
1704088800.0	10-3	400	5
1704088800.0	10-4	400	6
1704088800.0	10-5	400	7
1704088800.0	10-6	240	20
1704088800.0	10-7	1440	1
1704088800.0	10-8	440	8
1704088800.0	10-9	240	21
1704088800.0	4-0	440	9
1704088800.0	4-1	560	4
1704088800.0	4-2	560	5
1704088800.0	4-3	400	8
1704088800.0	4-4	240	22
1704088800.0	4-5	600	1
1704088800.0	3-0	240	23
1704088800.0	3-1	400	9
1704088800.0	3-2	600	2
1704088800.0	3-3	400	10
1704088800.0	3-4	240	24
1704088800.0	3-5	440	10
1704088800.0	3-6	240	25
1704088800.0	3-7	240	26
1704088800.0	3-8	400	11
1704089700.0	13-0	280	4
1704089700.0	13-1	260	15
1704089700.0	13-2	260	16
1704089700.0	13-3	440	11
1704089700.0	13-4	440	12
1704089700.0	13-5	640	1
1704089700.0	7-0	260	17
1704089700.0	7-1	440	13
1704089700.0	7-2	260	18
1704089700.0	7-3	260	18
1704089700.0	7-4	260	19
1704089700.0	7-5	280	5
1704089700.0	7-6	440	13
1704089700.0	7-7	600	3
1704089700.0	7-8	280	6
1704089700.0	10-0	440	14
1704089700.0	10-1	280	7
1704089700.0	10-2	640	2
1704089700.0	10-3	440	15
1704089700.0	10-4	440	16
1704089700.0	10-5	440	17
1704089700.0	10-6	280	8
1704089700.0	10-7	1520	1
1704089700.0	10-8	440	17
1704089700.0	10-9	260	20
1704089700.0	4-0	480	1
1704089700.0	4-1	640	3
1704089700.0	4-2	680	1
1704089700.0	4-3	440	18
1704089700.0	4-4	260	21
1704089700.0	4-5	640	4
1704089700.0	3-0	280	9
1704089700.0	3-1	440	19
1704089700.0	3-2	640	5
1704089700.0	3-3	440	20
1704089700.0	3-4	280	10
1704089700.0	3-5	440	20
1704089700.0	3-6	260	22
1704089700.0	3-7	280	11
1704089700.0	3-8	480	2
1704090600.0	13-0	280	11
1704090600.0	13-1	300	17
1704090600.0	13-2	280	12
1704090600.0	13-3	440	20
1704090600.0	13-4	480	3
1704090600.0	13-5	720	1
1704090600.0	7-0	280	13
1704090600.0	7-1	480	4
1704090600.0	7-2	300	18
1704090600.0	7-3	280	14
1704090600.0	7-4	280	15
1704090600.0	7-5	300	19
1704090600.0	7-6	480	5
1704090600.0	7-7	680	2
1704090600.0	7-8	280	15
1704090600.0	10-0	440	20
1704090600.0	10-1	280	15
1704090600.0	10-2	640	5
1704090600.0	10-3	440	20
1704090600.0	10-4	440	20
1704090600.0	10-5	480	6
1704090600.0	10-6	280	15
1704090600.0	10-7	1760	1
1704090600.0	10-8	440	20
1704090600.0	10-9	280	16
1704090600.0	4-0	440	20
1704090600.0	4-1	680	3
1704090600.0	4-2	640	6
1704090600.0	4-3	440	20
1704090600.0	4-4	300	20
1704090600.0	4-5	720	2
1704090600.0	3-0	280	16
1704090600.0	3-1	480	7
1704090600.0	3-2	680	4
1704090600.0	3-3	440	20
1704090600.0	3-4	280	16
1704090600.0	3-5	480	8
1704090600.0	3-6	280	17
1704090600.0	3-7	300	21
1704090600.0	3-8	480	8
1704091500.0	13-0	280	17
1704091500.0	13-1	280	18
1704091500.0	13-2	300	22
1704091500.0	13-3	480	9
1704091500.0	13-4	480	9
1704091500.0	13-5	720	2
1704091500.0	7-0	280	18
1704091500.0	7-1	480	9
1704091500.0	7-2	280	19
1704091500.0	7-3	300	23
1704091500.0	7-4	280	19
1704091500.0	7-5	300	23
1704091500.0	7-6	480	9
1704091500.0	7-7	720	3
1704091500.0	7-8	280	19
1704091500.0	10-0	480	10
1704091500.0	10-1	280	19
1704091500.0	10-2	720	4
1704091500.0	10-3	480	11
1704091500.0	10-4	480	12
1704091500.0	10-5	480	12
1704091500.0	10-6	300	24
1704091500.0	10-7	2080	1
1704091500.0	10-8	480	13
1704091500.0	10-9	300	25
1704091500.0	4-0	480	13
1704091500.0	4-1	720	5
1704091500.0	4-2	680	4
1704091500.0	4-3	480	14
1704091500.0	4-4	280	20
1704091500.0	4-5	680	5
1704091500.0	3-0	300	26
1704091500.0	3-1	480	14
1704091500.0	3-2	680	5
1704091500.0	3-3	480	15
1704091500.0	3-4	300	27
1704091500.0	3-5	480	15
1704091500.0	3-6	300	28
1704091500.0	3-7	280	20
1704091500.0	3-8	480	15
1704092400.0	13-0	280	20
1704092400.0	13-1	300	28
1704092400.0	13-2	300	28
1704092400.0	13-3	480	15
1704092400.0	13-4	480	15
1704092400.0	13-5	720	5
1704092400.0	7-0	300	29
1704092400.0	7-1	480	15
1704092400.0	7-2	300	29
1704092400.0	7-3	300	29
1704092400.0	7-4	300	30
1704092400.0	7-5	300	30
1704092400.0	7-6	480	15
1704092400.0	7-7	720	5
1704092400.0	7-8	300	31
1704092400.0	10-0	480	15
1704092400.0	10-1	300	32
1704092400.0	10-2	760	1
1704092400.0	10-3	520	7
1704092400.0	10-4	480	15
1704092400.0	10-5	520	8
1704092400.0	10-6	300	32
1704092400.0	10-7	2240	1
1704092400.0	10-8	480	15
1704092400.0	10-9	300	32
1704092400.0	4-0	520	9
1704092400.0	4-1	760	2
1704092400.0	4-2	720	6
1704092400.0	4-3	480	15
1704092400.0	4-4	280	20
1704092400.0	4-5	680	5
1704092400.0	3-0	300	32
1704092400.0	3-1	480	15
1704092400.0	3-2	720	7
1704092400.0	3-3	480	15
1704092400.0	3-4	300	32
1704092400.0	3-5	480	15
1704092400.0	3-6	300	32
1704092400.0	3-7	300	32
1704092400.0	3-8	520	10
1704093300.0	13-0	300	28
1704093300.0	13-1	300	28
1704093300.0	13-2	300	28
1704093300.0	13-3	480	15
1704093300.0	13-4	520	11
1704093300.0	13-5	760	3
1704093300.0	7-0	280	18
1704093300.0	7-1	480	15
1704093300.0	7-2	300	28
1704093300.0	7-3	300	28
1704093300.0	7-4	300	28
1704093300.0	7-5	300	28
1704093300.0	7-6	480	15
1704093300.0	7-7	680	5
1704093300.0	7-8	300	28
1704093300.0	10-0	480	15
1704093300.0	10-1	320	4
1704093300.0	10-2	720	7
1704093300.0	10-3	520	11
1704093300.0	10-4	520	12
1704093300.0	10-5	520	12
1704093300.0	10-6	300	28
1704093300.0	10-7	2720	1
1704093300.0	10-8	520	13
1704093300.0	10-9	320	5
1704093300.0	4-0	480	15
1704093300.0	4-1	720	7
1704093300.0	4-2	720	7
1704093300.0	4-3	520	14
1704093300.0	4-4	280	18
1704093300.0	4-5	720	7
1704093300.0	3-0	300	28
1704093300.0	3-1	480	15
1704093300.0	3-2	680	5
1704093300.0	3-3	520	15
1704093300.0	3-4	280	18
1704093300.0	3-5	520	16
1704093300.0	3-6	320	6
1704093300.0	3-7	300	28
1704093300.0	3-8	480	15
1704094200.0	13-0	280	18
1704094200.0	13-1	280	18
1704094200.0	13-2	300	28
1704094200.0	13-3	480	15
1704094200.0	13-4	520	16
1704094200.0	13-5	760	3
1704094200.0	7-0	300	28
1704094200.0	7-1	520	17
1704094200.0	7-2	300	28
1704094200.0	7-3	300	28
1704094200.0	7-4	280	18
1704094200.0	7-5	280	18
1704094200.0	7-6	480	15
1704094200.0	7-7	720	7
1704094200.0	7-8	280	18
1704094200.0	10-0	480	15
1704094200.0	10-1	300	28
1704094200.0	10-2	720	7
1704094200.0	10-3	520	17
1704094200.0	10-4	520	17
1704094200.0	10-5	520	17
1704094200.0	10-6	280	18
1704094200.0	10-7	2880	1
1704094200.0	10-8	480	15
1704094200.0	10-9	300	28
1704094200.0	4-0	520	17
1704094200.0	4-1	760	3
1704094200.0	4-2	720	7
1704094200.0	4-3	480	15
1704094200.0	4-4	300	28
1704094200.0	4-5	720	7
1704094200.0	3-0	300	28
1704094200.0	3-1	480	15
1704094200.0	3-2	680	5
1704094200.0	3-3	480	15
1704094200.0	3-4	300	28
1704094200.0	3-5	480	15
1704094200.0	3-6	320	6
1704094200.0	3-7	300	28
1704094200.0	3-8	520	17
1704095100.0	13-0	300	17
1704095100.0	13-1	280	17
1704095100.0	13-2	300	17
1704095100.0	13-3	480	15
1704095100.0	13-4	520	17
1704095100.0	13-5	720	7
1704095100.0	7-0	300	17
1704095100.0	7-1	480	15
1704095100.0	7-2	300	17
1704095100.0	7-3	280	17
1704095100.0	7-4	280	17
1704095100.0	7-5	300	17
1704095100.0	7-6	480	15
1704095100.0	7-7	720	7
1704095100.0	7-8	300	17
1704095100.0	10-0	480	15
1704095100.0	10-1	280	17
1704095100.0	10-2	720	7
1704095100.0	10-3	480	15
1704095100.0	10-4	480	15
1704095100.0	10-5	520	17
1704095100.0	10-6	280	17
1704095100.0	10-7	3200	1
1704095100.0	10-8	520	17
1704095100.0	10-9	300	17
1704095100.0	4-0	480	15
1704095100.0	4-1	680	5
1704095100.0	4-2	680	5
1704095100.0	4-3	480	15
1704095100.0	4-4	300	17
1704095100.0	4-5	720	7
1704095100.0	3-0	300	17
1704095100.0	3-1	480	15
1704095100.0	3-2	720	7
1704095100.0	3-3	480	15
1704095100.0	3-4	300	17
1704095100.0	3-5	480	15
1704095100.0	3-6	300	17
1704095100.0	3-7	280	17
1704095100.0	3-8	480	15
1704096000.0	13-0	300	17
1704096000.0	13-1	280	17
1704096000.0	13-2	300	17
1704096000.0	13-3	480	15
1704096000.0	13-4	480	15
1704096000.0	13-5	720	7
1704096000.0	7-0	280	17
1704096000.0	7-1	480	15
1704096000.0	7-2	300	17
1704096000.0	7-3	280	17
1704096000.0	7-4	280	17
1704096000.0	7-5	280	17
1704096000.0	7-6	480	15
1704096000.0	7-7	720	7
1704096000.0	7-8	280	17
1704096000.0	10-0	480	15
1704096000.0	10-1	300	17
1704096000.0	10-2	680	6
1704096000.0	10-3	480	15
1704096000.0	10-4	480	15
1704096000.0	10-5	480	15
1704096000.0	10-6	300	17
1704096000.0	10-7	3520	1
1704096000.0	10-8	480	15
1704096000.0	10-9	300	17
1704096000.0	4-0	480	15
1704096000.0	4-1	680	6
1704096000.0	4-2	680	6
1704096000.0	4-3	480	15
1704096000.0	4-4	280	17
1704096000.0	4-5	680	6
1704096000.0	3-0	300	17
1704096000.0	3-1	480	15
1704096000.0	3-2	720	7
1704096000.0	3-3	480	15
1704096000.0	3-4	300	17
1704096000.0	3-5	480	15
1704096000.0	3-6	280	17
1704096000.0	3-7	300	17
1704096000.0	3-8	480	15
1704096900.0	13-0	280	17
1704096900.0	13-1	260	9
1704096900.0	13-2	300	17
1704096900.0	13-3	480	15
1704096900.0	13-4	440	14
1704096900.0	13-5	680	7
1704096900.0	7-0	300	17
1704096900.0	7-1	480	15
1704096900.0	7-2	280	17
1704096900.0	7-3	280	17
1704096900.0	7-4	280	17
1704096900.0	7-5	300	17
1704096900.0	7-6	480	15
1704096900.0	7-7	680	7
1704096900.0	7-8	300	17
1704096900.0	10-0	480	15
1704096900.0	10-1	280	17
1704096900.0	10-2	640	6
1704096900.0	10-3	440	14
1704096900.0	10-4	480	15
1704096900.0	10-5	440	14
1704096900.0	10-6	280	17
1704096900.0	10-7	3520	1
1704096900.0	10-8	440	14
1704096900.0	10-9	280	17
1704096900.0	4-0	440	14
1704096900.0	4-1	680	7
1704096900.0	4-2	680	7
1704096900.0	4-3	480	15
1704096900.0	4-4	280	17
1704096900.0	4-5	680	7
1704096900.0	3-0	280	17
1704096900.0	3-1	440	14
1704096900.0	3-2	640	6
1704096900.0	3-3	440	14
1704096900.0	3-4	280	17
1704096900.0	3-5	440	14
1704096900.0	3-6	300	17
1704096900.0	3-7	280	17
1704096900.0	3-8	440	15
1704097800.0	13-0	280	17
1704097800.0	13-1	280	17
1704097800.0	13-2	280	17
1704097800.0	13-3	480	15
1704097800.0	13-4	480	15
1704097800.0	13-5	680	7
1704097800.0	7-0	280	17
1704097800.0	7-1	440	14
1704097800.0	7-2	260	2
1704097800.0	7-3	260	3
1704097800.0	7-4	280	17
1704097800.0	7-5	280	17
1704097800.0	7-6	440	15
1704097800.0	7-7	640	4
1704097800.0	7-8	280	17
1704097800.0	10-0	440	15
1704097800.0	10-1	280	17
1704097800.0	10-2	680	7
1704097800.0	10-3	440	15
1704097800.0	10-4	440	15
1704097800.0	10-5	480	15
1704097800.0	10-6	280	17
1704097800.0	10-7	3840	1
1704097800.0	10-8	440	15
1704097800.0	10-9	280	17
1704097800.0	4-0	480	15
1704097800.0	4-1	640	5
1704097800.0	4-2	680	7
1704097800.0	4-3	440	15
1704097800.0	4-4	280	17
1704097800.0	4-5	680	7
1704097800.0	3-0	280	17
1704097800.0	3-1	440	15
1704097800.0	3-2	680	7
1704097800.0	3-3	440	15
1704097800.0	3-4	280	17
1704097800.0	3-5	480	15
1704097800.0	3-6	260	4
1704097800.0	3-7	280	17
1704097800.0	3-8	480	15
1704098700.0	13-0	260	5
1704098700.0	13-1	280	17
1704098700.0	13-2	260	6
1704098700.0	13-3	440	15
1704098700.0	13-4	440	15
1704098700.0	13-5	640	5
1704098700.0	7-0	260	7
1704098700.0	7-1	440	15
1704098700.0	7-2	280	17
1704098700.0	7-3	280	17
1704098700.0	7-4	280	17
1704098700.0	7-5	260	8
1704098700.0	7-6	440	15
1704098700.0	7-7	640	5
1704098700.0	7-8	260	9
1704098700.0	10-0	480	15
1704098700.0	10-1	260	10
1704098700.0	10-2	640	5
1704098700.0	10-3	440	15
1704098700.0	10-4	440	15
1704098700.0	10-5	440	15
1704098700.0	10-6	260	11
1704098700.0	10-7	3840	1
1704098700.0	10-8	440	15
1704098700.0	10-9	280	17
1704098700.0	4-0	440	15
1704098700.0	4-1	640	5
1704098700.0	4-2	640	6
1704098700.0	4-3	480	15
1704098700.0	4-4	260	12
1704098700.0	4-5	640	7
1704098700.0	3-0	260	13
1704098700.0	3-1	440	15
1704098700.0	3-2	640	7
1704098700.0	3-3	440	15
1704098700.0	3-4	280	17
1704098700.0	3-5	440	15
1704098700.0	3-6	260	13
1704098700.0	3-7	260	14
1704098700.0	3-8	440	15
1704099600.0	13-0	280	17
1704099600.0	13-1	260	14
1704099600.0	13-2	260	14
1704099600.0	13-3	400	1
1704099600.0	13-4	440	15
1704099600.0	13-5	600	1
1704099600.0	7-0	260	14
1704099600.0	7-1	440	15
1704099600.0	7-2	260	14
1704099600.0	7-3	260	14
1704099600.0	7-4	280	17
1704099600.0	7-5	260	14
1704099600.0	7-6	400	2
1704099600.0	7-7	640	7
1704099600.0	7-8	260	14
1704099600.0	10-0	440	15
1704099600.0	10-1	260	14
1704099600.0	10-2	600	2
1704099600.0	10-3	400	3
1704099600.0	10-4	440	15
1704099600.0	10-5	440	15
1704099600.0	10-6	260	14
1704099600.0	10-7	3840	1
1704099600.0	10-8	440	15
1704099600.0	10-9	280	17
1704099600.0	4-0	400	4
1704099600.0	4-1	640	7
1704099600.0	4-2	640	7
1704099600.0	4-3	440	15
1704099600.0	4-4	260	14
1704099600.0	4-5	600	3
1704099600.0	3-0	260	14
1704099600.0	3-1	400	5
1704099600.0	3-2	640	7
1704099600.0	3-3	400	6
1704099600.0	3-4	260	15
1704099600.0	3-5	440	15
1704099600.0	3-6	260	15
1704099600.0	3-7	280	17
1704099600.0	3-8	440	15
1704100500.0	13-0	260	15
1704100500.0	13-1	260	15
1704100500.0	13-2	260	15
1704100500.0	13-3	400	6
1704100500.0	13-4	440	15
1704100500.0	13-5	640	7
1704100500.0	7-0	260	15
1704100500.0	7-1	440	15
1704100500.0	7-2	240	1
1704100500.0	7-3	240	2
1704100500.0	7-4	240	3
1704100500.0	7-5	260	15
1704100500.0	7-6	440	15
1704100500.0	7-7	640	7
1704100500.0	7-8	260	15
1704100500.0	10-0	440	15
1704100500.0	10-1	240	4
1704100500.0	10-2	600	3
1704100500.0	10-3	440	15
1704100500.0	10-4	440	15
1704100500.0	10-5	440	15
1704100500.0	10-6	260	15
1704100500.0	10-7	3840	1
1704100500.0	10-8	440	15
1704100500.0	10-9	260	16
1704100500.0	4-0	440	15
1704100500.0	4-1	640	7
1704100500.0	4-2	640	7
1704100500.0	4-3	400	7
1704100500.0	4-4	260	16
1704100500.0	4-5	600	3
1704100500.0	3-0	260	16
1704100500.0	3-1	400	7
1704100500.0	3-2	640	7
1704100500.0	3-3	440	15
1704100500.0	3-4	260	16
1704100500.0	3-5	440	15
1704100500.0	3-6	240	5
1704100500.0	3-7	260	16
1704100500.0	3-8	440	15
1704101400.0	13-0	260	16
1704101400.0	13-1	260	16
1704101400.0	13-2	260	16
1704101400.0	13-3	440	15
1704101400.0	13-4	400	8
1704101400.0	13-5	600	3
1704101400.0	7-0	260	16
1704101400.0	7-1	440	15
1704101400.0	7-2	260	16
1704101400.0	7-3	240	5
1704101400.0	7-4	260	17
1704101400.0	7-5	260	17
1704101400.0	7-6	400	8
1704101400.0	7-7	640	7
1704101400.0	7-8	260	17
1704101400.0	10-0	440	15
1704101400.0	10-1	260	17
1704101400.0	10-2	640	7
1704101400.0	10-3	440	15
1704101400.0	10-4	440	15
1704101400.0	10-5	400	9
1704101400.0	10-6	260	17
1704101400.0	10-7	3840	1
1704101400.0	10-8	440	15
1704101400.0	10-9	260	17
1704101400.0	4-0	440	15
1704101400.0	4-1	640	7
1704101400.0	4-2	600	4
1704101400.0	4-3	440	15
1704101400.0	4-4	260	17
1704101400.0	4-5	600	4
1704101400.0	3-0	240	6
1704101400.0	3-1	400	9
1704101400.0	3-2	600	5
1704101400.0	3-3	440	15
1704101400.0	3-4	260	17
1704101400.0	3-5	400	10
1704101400.0	3-6	260	17
1704101400.0	3-7	260	17
1704101400.0	3-8	400	11
1704102300.0	13-0	240	7
1704102300.0	13-1	240	8
1704102300.0	13-2	240	9
1704102300.0	13-3	440	15
1704102300.0	13-4	440	15
1704102300.0	13-5	640	7
1704102300.0	7-0	260	17
1704102300.0	7-1	440	15
1704102300.0	7-2	260	17
1704102300.0	7-3	240	9
1704102300.0	7-4	260	17
1704102300.0	7-5	260	17
1704102300.0	7-6	400	11
1704102300.0	7-7	600	6
1704102300.0	7-8	240	10
1704102300.0	10-0	440	15
1704102300.0	10-1	260	17
1704102300.0	10-2	600	6
1704102300.0	10-3	400	11
1704102300.0	10-4	440	15
1704102300.0	10-5	440	15
1704102300.0	10-6	260	17
1704102300.0	10-7	3840	1
1704102300.0	10-8	440	15
1704102300.0	10-9	260	17
1704102300.0	4-0	400	11
1704102300.0	4-1	600	7
1704102300.0	4-2	600	7
1704102300.0	4-3	440	15
1704102300.0	4-4	260	17
1704102300.0	4-5	600	7
1704102300.0	3-0	260	17
1704102300.0	3-1	400	11
1704102300.0	3-2	600	7
1704102300.0	3-3	440	15
1704102300.0	3-4	260	17
1704102300.0	3-5	440	15
1704102300.0	3-6	260	17
1704102300.0	3-7	240	11
1704102300.0	3-8	440	15
1704103200.0	13-0	240	11
1704103200.0	13-1	260	17
1704103200.0	13-2	260	17
1704103200.0	13-3	400	11
1704103200.0	13-4	400	11
1704103200.0	13-5	640	7
1704103200.0	7-0	260	17
1704103200.0	7-1	440	15
1704103200.0	7-2	260	17
1704103200.0	7-3	240	11
1704103200.0	7-4	240	11
1704103200.0	7-5	260	17
1704103200.0	7-6	440	15
1704103200.0	7-7	600	7
1704103200.0	7-8	240	11
1704103200.0	10-0	440	15
1704103200.0	10-1	260	17
1704103200.0	10-2	600	7
1704103200.0	10-3	440	15
1704103200.0	10-4	440	15
1704103200.0	10-5	400	11
1704103200.0	10-6	260	17
1704103200.0	10-7	3840	1
1704103200.0	10-8	400	12
1704103200.0	10-9	240	12
1704103200.0	4-0	440	15
1704103200.0	4-1	600	7
1704103200.0	4-2	640	7
1704103200.0	4-3	400	12
1704103200.0	4-4	260	17
1704103200.0	4-5	600	7
1704103200.0	3-0	260	17
1704103200.0	3-1	400	12
1704103200.0	3-2	600	7
1704103200.0	3-3	400	12
1704103200.0	3-4	260	17
1704103200.0	3-5	400	12
1704103200.0	3-6	260	17
1704103200.0	3-7	260	17
1704103200.0	3-8	440	15
1704104100.0	13-0	240	12
1704104100.0	13-1	260	17
1704104100.0	13-2	260	17
1704104100.0	13-3	440	15
1704104100.0	13-4	440	15
1704104100.0	13-5	640	7
1704104100.0	7-0	260	17
1704104100.0	7-1	400	13
1704104100.0	7-2	260	17
1704104100.0	7-3	260	17
1704104100.0	7-4	240	12
1704104100.0	7-5	260	17
1704104100.0	7-6	440	15
1704104100.0	7-7	640	7
1704104100.0	7-8	240	12
1704104100.0	10-0	400	14
1704104100.0	10-1	260	17
1704104100.0	10-2	640	7
1704104100.0	10-3	400	14
1704104100.0	10-4	440	15
1704104100.0	10-5	440	15
1704104100.0	10-6	260	17
1704104100.0	10-7	4160	1
1704104100.0	10-8	440	15
1704104100.0	10-9	260	17
1704104100.0	4-0	400	14
1704104100.0	4-1	600	7
1704104100.0	4-2	640	7
1704104100.0	4-3	400	14
1704104100.0	4-4	260	17
1704104100.0	4-5	600	7
1704104100.0	3-0	260	17
1704104100.0	3-1	400	14
1704104100.0	3-2	600	7
1704104100.0	3-3	440	15
1704104100.0	3-4	260	17
1704104100.0	3-5	440	15
1704104100.0	3-6	260	17
1704104100.0	3-7	260	17
1704104100.0	3-8	400	14
1704105000.0	13-0	260	17
1704105000.0	13-1	260	17
1704105000.0	13-2	240	12
1704105000.0	13-3	440	15
1704105000.0	13-4	440	15
1704105000.0	13-5	600	7
1704105000.0	7-0	260	17
1704105000.0	7-1	440	15
1704105000.0	7-2	260	17
1704105000.0	7-3	260	17
1704105000.0	7-4	240	12
1704105000.0	7-5	260	17
1704105000.0	7-6	440	15
1704105000.0	7-7	600	7
1704105000.0	7-8	260	17
1704105000.0	10-0	440	15
1704105000.0	10-1	260	17
1704105000.0	10-2	640	7
1704105000.0	10-3	400	14
1704105000.0	10-4	440	15
1704105000.0	10-5	400	14
1704105000.0	10-6	280	16
1704105000.0	10-7	3840	1
1704105000.0	10-8	440	15
1704105000.0	10-9	260	17
1704105000.0	4-0	440	15
1704105000.0	4-1	600	7
1704105000.0	4-2	600	7
1704105000.0	4-3	440	15
1704105000.0	4-4	260	17
1704105000.0	4-5	600	7
1704105000.0	3-0	260	17
1704105000.0	3-1	440	15
1704105000.0	3-2	600	7
1704105000.0	3-3	440	15
1704105000.0	3-4	260	17
1704105000.0	3-5	400	14
1704105000.0	3-6	260	17
1704105000.0	3-7	260	17
1704105000.0	3-8	440	15
1704105900.0	13-0	260	17
1704105900.0	13-1	260	17
1704105900.0	13-2	260	17
1704105900.0	13-3	440	15
1704105900.0	13-4	440	15
1704105900.0	13-5	640	7
1704105900.0	7-0	260	17
1704105900.0	7-1	440	15
1704105900.0	7-2	240	12
1704105900.0	7-3	260	17
1704105900.0	7-4	260	17
1704105900.0	7-5	280	10
1704105900.0	7-6	400	14
1704105900.0	7-7	640	7
1704105900.0	7-8	260	17
1704105900.0	10-0	440	15
1704105900.0	10-1	260	17
1704105900.0	10-2	600	7
1704105900.0	10-3	440	15
1704105900.0	10-4	400	15
1704105900.0	10-5	440	15
1704105900.0	10-6	260	17
1704105900.0	10-7	3840	1
1704105900.0	10-8	400	15
1704105900.0	10-9	260	17
1704105900.0	4-0	440	15
1704105900.0	4-1	640	7
1704105900.0	4-2	640	7
1704105900.0	4-3	400	15
1704105900.0	4-4	260	17
1704105900.0	4-5	640	7
1704105900.0	3-0	260	17
1704105900.0	3-1	440	15
1704105900.0	3-2	600	7
1704105900.0	3-3	440	15
1704105900.0	3-4	260	17
1704105900.0	3-5	400	15
1704105900.0	3-6	260	17
1704105900.0	3-7	260	17
1704105900.0	3-8	440	15
1704106800.0	13-0	260	17
1704106800.0	13-1	260	17
1704106800.0	13-2	280	7
1704106800.0	13-3	440	15
1704106800.0	13-4	440	15
1704106800.0	13-5	680	1
1704106800.0	7-0	260	17
1704106800.0	7-1	440	15
1704106800.0	7-2	260	17
1704106800.0	7-3	260	17
1704106800.0	7-4	260	17
1704106800.0	7-5	260	17
1704106800.0	7-6	480	1
1704106800.0	7-7	600	7
1704106800.0	7-8	260	17
1704106800.0	10-0	440	15
1704106800.0	10-1	280	8
1704106800.0	10-2	640	7
1704106800.0	10-3	480	2
1704106800.0	10-4	440	15
1704106800.0	10-5	440	15
1704106800.0	10-6	260	17
1704106800.0	10-7	3840	1
1704106800.0	10-8	480	3
1704106800.0	10-9	260	17
1704106800.0	4-0	440	15
1704106800.0	4-1	640	7
1704106800.0	4-2	640	7
1704106800.0	4-3	440	15
1704106800.0	4-4	260	17
1704106800.0	4-5	640	7
1704106800.0	3-0	260	17
1704106800.0	3-1	440	15
1704106800.0	3-2	640	7
1704106800.0	3-3	480	4
1704106800.0	3-4	280	9
1704106800.0	3-5	440	15
1704106800.0	3-6	280	10
1704106800.0	3-7	260	17
1704106800.0	3-8	440	15
1704107700.0	13-0	280	7
1704107700.0	13-1	280	8
1704107700.0	13-2	280	8
1704107700.0	13-3	440	15
1704107700.0	13-4	440	15
1704107700.0	13-5	680	1
1704107700.0	7-0	280	9
1704107700.0	7-1	440	15
1704107700.0	7-2	280	10
1704107700.0	7-3	280	11
1704107700.0	7-4	260	17
1704107700.0	7-5	280	11
1704107700.0	7-6	480	4
1704107700.0	7-7	680	2
1704107700.0	7-8	260	17
1704107700.0	10-0	440	15
1704107700.0	10-1	280	11
1704107700.0	10-2	680	3
1704107700.0	10-3	480	4
1704107700.0	10-4	440	15
1704107700.0	10-5	440	15
1704107700.0	10-6	280	11
1704107700.0	10-7	3520	1
1704107700.0	10-8	440	15
1704107700.0	10-9	260	17
1704107700.0	4-0	440	15
1704107700.0	4-1	680	4
1704107700.0	4-2	640	7
1704107700.0	4-3	480	5
1704107700.0	4-4	280	12
1704107700.0	4-5	640	7
1704107700.0	3-0	280	13
1704107700.0	3-1	440	15
1704107700.0	3-2	680	5
1704107700.0	3-3	440	15
1704107700.0	3-4	260	17
1704107700.0	3-5	440	15
1704107700.0	3-6	280	13
1704107700.0	3-7	280	14
1704107700.0	3-8	480	6
1704108600.0	13-0	280	14
1704108600.0	13-1	280	14
1704108600.0	13-2	280	14
1704108600.0	13-3	480	7
1704108600.0	13-4	480	8
1704108600.0	13-5	720	1
1704108600.0	7-0	280	14
1704108600.0	7-1	480	9
1704108600.0	7-2	280	14
1704108600.0	7-3	280	14
1704108600.0	7-4	280	15
1704108600.0	7-5	280	15
1704108600.0	7-6	440	15
1704108600.0	7-7	720	2
1704108600.0	7-8	280	16
1704108600.0	10-0	440	15
1704108600.0	10-1	300	1
1704108600.0	10-2	680	5
1704108600.0	10-3	480	9
1704108600.0	10-4	480	10
1704108600.0	10-5	480	11
1704108600.0	10-6	280	16
1704108600.0	10-7	3520	1
1704108600.0	10-8	440	15
1704108600.0	10-9	300	2
1704108600.0	4-0	480	12
1704108600.0	4-1	720	3
1704108600.0	4-2	680	6
1704108600.0	4-3	440	15
1704108600.0	4-4	280	16
1704108600.0	4-5	680	7
1704108600.0	3-0	280	16
1704108600.0	3-1	480	13
1704108600.0	3-2	720	4
1704108600.0	3-3	480	13
1704108600.0	3-4	280	16
1704108600.0	3-5	440	15
1704108600.0	3-6	300	3
1704108600.0	3-7	280	16
1704108600.0	3-8	480	13
1704109500.0	13-0	300	4
1704109500.0	13-1	300	5
1704109500.0	13-2	280	16
1704109500.0	13-3	480	13
1704109500.0	13-4	480	13
1704109500.0	13-5	720	4
1704109500.0	7-0	300	6
1704109500.0	7-1	480	13
1704109500.0	7-2	300	7
1704109500.0	7-3	280	16
1704109500.0	7-4	300	8
1704109500.0	7-5	300	9
1704109500.0	7-6	480	13
1704109500.0	7-7	720	4
1704109500.0	7-8	300	10
1704109500.0	10-0	480	14
1704109500.0	10-1	280	16
1704109500.0	10-2	720	5
1704109500.0	10-3	480	14
1704109500.0	10-4	480	14
1704109500.0	10-5	480	14
1704109500.0	10-6	300	11
1704109500.0	10-7	3520	1
1704109500.0	10-8	520	1
1704109500.0	10-9	300	11
1704109500.0	4-0	480	14
1704109500.0	4-1	680	7
1704109500.0	4-2	720	6
1704109500.0	4-3	480	14
1704109500.0	4-4	280	16
1704109500.0	4-5	680	7
1704109500.0	3-0	280	16
1704109500.0	3-1	480	14
1704109500.0	3-2	720	6
1704109500.0	3-3	480	14
1704109500.0	3-4	280	16
1704109500.0	3-5	480	15
1704109500.0	3-6	300	11
1704109500.0	3-7	300	12
1704109500.0	3-8	520	2
1704110400.0	13-0	320	1
1704110400.0	13-1	300	12
1704110400.0	13-2	280	16
1704110400.0	13-3	480	15
1704110400.0	13-4	480	15
1704110400.0	13-5	720	6
1704110400.0	7-0	300	12
1704110400.0	7-1	480	15
1704110400.0	7-2	300	12
1704110400.0	7-3	300	13
1704110400.0	7-4	300	13
1704110400.0	7-5	300	13
1704110400.0	7-6	480	15
1704110400.0	7-7	680	7
1704110400.0	7-8	320	2
1704110400.0	10-0	480	15
1704110400.0	10-1	280	16
1704110400.0	10-2	720	6
1704110400.0	10-3	480	15
1704110400.0	10-4	480	15
1704110400.0	10-5	520	3
1704110400.0	10-6	320	3
1704110400.0	10-7	3520	1
1704110400.0	10-8	480	15
1704110400.0	10-9	280	17
1704110400.0	4-0	480	15
1704110400.0	4-1	720	6
1704110400.0	4-2	680	7
1704110400.0	4-3	480	15
1704110400.0	4-4	300	14
1704110400.0	4-5	720	7
1704110400.0	3-0	300	15
1704110400.0	3-1	520	4
1704110400.0	3-2	720	7
1704110400.0	3-3	520	5
1704110400.0	3-4	300	16
1704110400.0	3-5	520	6
1704110400.0	3-6	300	16
1704110400.0	3-7	300	16
1704110400.0	3-8	480	15
1704111300.0	13-0	300	16
1704111300.0	13-1	300	16
1704111300.0	13-2	300	17
1704111300.0	13-3	480	15
1704111300.0	13-4	520	7
1704111300.0	13-5	720	7
1704111300.0	7-0	280	17
1704111300.0	7-1	520	8
1704111300.0	7-2	300	17
1704111300.0	7-3	300	17
1704111300.0	7-4	300	17
1704111300.0	7-5	300	17
1704111300.0	7-6	480	15
1704111300.0	7-7	680	7
1704111300.0	7-8	300	17
1704111300.0	10-0	480	15
1704111300.0	10-1	320	4
1704111300.0	10-2	720	7
1704111300.0	10-3	480	15
1704111300.0	10-4	520	9
1704111300.0	10-5	480	15
1704111300.0	10-6	280	17
1704111300.0	10-7	3200	1
1704111300.0	10-8	480	15
1704111300.0	10-9	280	17
1704111300.0	4-0	480	15
1704111300.0	4-1	720	7
1704111300.0	4-2	680	7
1704111300.0	4-3	480	15
1704111300.0	4-4	300	17
1704111300.0	4-5	680	7
1704111300.0	3-0	300	17
1704111300.0	3-1	520	9
1704111300.0	3-2	720	7
1704111300.0	3-3	480	15
1704111300.0	3-4	280	17
1704111300.0	3-5	480	15
1704111300.0	3-6	280	17
1704111300.0	3-7	300	17
1704111300.0	3-8	520	9
1704112200.0	13-0	280	17
1704112200.0	13-1	300	17
1704112200.0	13-2	280	17
1704112200.0	13-3	480	15
1704112200.0	13-4	480	15
1704112200.0	13-5	720	7
1704112200.0	7-0	300	17
1704112200.0	7-1	480	15
1704112200.0	7-2	300	17
1704112200.0	7-3	300	17
1704112200.0	7-4	280	17
1704112200.0	7-5	300	17
1704112200.0	7-6	480	15
1704112200.0	7-7	680	7
1704112200.0	7-8	280	17
1704112200.0	10-0	440	15
1704112200.0	10-1	300	17
1704112200.0	10-2	720	7
1704112200.0	10-3	480	15
1704112200.0	10-4	480	15
1704112200.0	10-5	440	15
1704112200.0	10-6	280	17
1704112200.0	10-7	3040	1
1704112200.0	10-8	480	15
1704112200.0	10-9	300	17
1704112200.0	4-0	440	15
1704112200.0	4-1	680	7
1704112200.0	4-2	680	7
1704112200.0	4-3	480	15
1704112200.0	4-4	280	17
1704112200.0	4-5	680	7
1704112200.0	3-0	280	17
1704112200.0	3-1	480	15
1704112200.0	3-2	680	7
1704112200.0	3-3	480	15
1704112200.0	3-4	300	17
1704112200.0	3-5	480	15
1704112200.0	3-6	280	17
1704112200.0	3-7	300	17
1704112200.0	3-8	480	15
1704113100.0	13-0	280	17
1704113100.0	13-1	280	17
1704113100.0	13-2	280	17
1704113100.0	13-3	480	15
1704113100.0	13-4	480	15
1704113100.0	13-5	680	7
1704113100.0	7-0	300	17
1704113100.0	7-1	480	15
1704113100.0	7-2	280	17
1704113100.0	7-3	280	17
1704113100.0	7-4	260	17
1704113100.0	7-5	260	17
1704113100.0	7-6	480	15
1704113100.0	7-7	680	7
1704113100.0	7-8	280	17
1704113100.0	10-0	440	15
1704113100.0	10-1	300	17
1704113100.0	10-2	680	7
1704113100.0	10-3	480	15
1704113100.0	10-4	440	15
1704113100.0	10-5	480	15
1704113100.0	10-6	280	17
1704113100.0	10-7	2880	1
1704113100.0	10-8	480	15
1704113100.0	10-9	280	17
1704113100.0	4-0	440	15
1704113100.0	4-1	680	7
1704113100.0	4-2	720	7
1704113100.0	4-3	480	15
1704113100.0	4-4	280	17
1704113100.0	4-5	680	7
1704113100.0	3-0	280	17
1704113100.0	3-1	480	15
1704113100.0	3-2	680	7
1704113100.0	3-3	440	15
1704113100.0	3-4	280	17
1704113100.0	3-5	440	15
1704113100.0	3-6	280	17
1704113100.0	3-7	280	17
1704113100.0	3-8	480	15
1704114000.0	13-0	260	14
1704114000.0	13-1	280	17
1704114000.0	13-2	280	17
1704114000.0	13-3	440	14
1704114000.0	13-4	440	14
1704114000.0	13-5	680	7
1704114000.0	7-0	260	14
1704114000.0	7-1	480	15
1704114000.0	7-2	280	17
1704114000.0	7-3	280	17
1704114000.0	7-4	280	17
1704114000.0	7-5	280	17
1704114000.0	7-6	440	14
1704114000.0	7-7	640	6
1704114000.0	7-8	280	17
1704114000.0	10-0	440	14
1704114000.0	10-1	280	17
1704114000.0	10-2	640	6
1704114000.0	10-3	440	15
1704114000.0	10-4	480	15
1704114000.0	10-5	440	15
1704114000.0	10-6	260	14
1704114000.0	10-7	2880	1
1704114000.0	10-8	440	15
1704114000.0	10-9	280	17
1704114000.0	4-0	440	15
1704114000.0	4-1	680	7
1704114000.0	4-2	640	6
1704114000.0	4-3	440	15
1704114000.0	4-4	260	14
1704114000.0	4-5	680	7
1704114000.0	3-0	280	17
1704114000.0	3-1	480	15
1704114000.0	3-2	640	6
1704114000.0	3-3	440	15
1704114000.0	3-4	260	14
1704114000.0	3-5	440	15
1704114000.0	3-6	280	17
1704114000.0	3-7	260	14
1704114000.0	3-8	440	15
1704114900.0	13-0	280	17
1704114900.0	13-1	260	11
1704114900.0	13-2	260	12
1704114900.0	13-3	440	15
1704114900.0	13-4	440	15
1704114900.0	13-5	600	1
1704114900.0	7-0	260	12
1704114900.0	7-1	440	15
1704114900.0	7-2	260	13
1704114900.0	7-3	260	14
1704114900.0	7-4	260	14
1704114900.0	7-5	280	17
1704114900.0	7-6	440	15
1704114900.0	7-7	640	5
1704114900.0	7-8	260	14
1704114900.0	10-0	440	15
1704114900.0	10-1	260	15
1704114900.0	10-2	640	5
1704114900.0	10-3	440	15
1704114900.0	10-4	400	1
1704114900.0	10-5	440	15
1704114900.0	10-6	280	17
1704114900.0	10-7	2720	1
1704114900.0	10-8	440	15
1704114900.0	10-9	260	15
1704114900.0	4-0	440	15
1704114900.0	4-1	640	6
1704114900.0	4-2	640	6
1704114900.0	4-3	440	15
1704114900.0	4-4	280	17
1704114900.0	4-5	640	6
1704114900.0	3-0	260	16
1704114900.0	3-1	440	15
1704114900.0	3-2	640	6
1704114900.0	3-3	440	15
1704114900.0	3-4	260	16
1704114900.0	3-5	440	15
1704114900.0	3-6	260	17
1704114900.0	3-7	280	17
1704114900.0	3-8	440	15
1704115800.0	13-0	260	17
1704115800.0	13-1	260	17
1704115800.0	13-2	260	17
1704115800.0	13-3	400	2
1704115800.0	13-4	440	15
1704115800.0	13-5	640	7
1704115800.0	7-0	260	17
1704115800.0	7-1	440	15
1704115800.0	7-2	260	17
1704115800.0	7-3	260	17
1704115800.0	7-4	260	17
1704115800.0	7-5	260	17
1704115800.0	7-6	400	3
1704115800.0	7-7	640	7
1704115800.0	7-8	260	17
1704115800.0	10-0	440	15
1704115800.0	10-1	260	17
1704115800.0	10-2	600	2
1704115800.0	10-3	440	15
1704115800.0	10-4	440	15
1704115800.0	10-5	440	15
1704115800.0	10-6	260	17
1704115800.0	10-7	2560	1
1704115800.0	10-8	440	15
1704115800.0	10-9	260	17
1704115800.0	4-0	400	4
1704115800.0	4-1	600	3
1704115800.0	4-2	600	4
1704115800.0	4-3	400	5
1704115800.0	4-4	260	17
1704115800.0	4-5	600	5
1704115800.0	3-0	260	17
1704115800.0	3-1	440	15
1704115800.0	3-2	640	7
1704115800.0	3-3	440	15
1704115800.0	3-4	260	17
1704115800.0	3-5	440	15
1704115800.0	3-6	260	17
1704115800.0	3-7	240	1
1704115800.0	3-8	400	6
1704116700.0	13-0	240	2
1704116700.0	13-1	260	17
1704116700.0	13-2	240	3
1704116700.0	13-3	400	6
1704116700.0	13-4	400	7
1704116700.0	13-5	600	5
1704116700.0	7-0	260	17
1704116700.0	7-1	400	8
1704116700.0	7-2	240	4
1704116700.0	7-3	240	5
1704116700.0	7-4	260	17
1704116700.0	7-5	260	17
1704116700.0	7-6	400	8
1704116700.0	7-7	640	7
1704116700.0	7-8	260	17
1704116700.0	10-0	440	15
1704116700.0	10-1	260	17
1704116700.0	10-2	640	7
1704116700.0	10-3	400	9
1704116700.0	10-4	440	15
1704116700.0	10-5	400	10
1704116700.0	10-6	260	17
1704116700.0	10-7	2720	1
1704116700.0	10-8	400	11
1704116700.0	10-9	260	17
1704116700.0	4-0	400	11
1704116700.0	4-1	600	5
1704116700.0	4-2	600	5
1704116700.0	4-3	400	11
1704116700.0	4-4	240	6
1704116700.0	4-5	640	7
1704116700.0	3-0	240	7
1704116700.0	3-1	400	12
1704116700.0	3-2	600	6
1704116700.0	3-3	440	15
1704116700.0	3-4	240	8
1704116700.0	3-5	440	15
1704116700.0	3-6	260	17
1704116700.0	3-7	260	17
1704116700.0	3-8	400	12
1704117600.0	13-0	240	8
1704117600.0	13-1	240	9
1704117600.0	13-2	240	9
1704117600.0	13-3	400	12
1704117600.0	13-4	440	15
1704117600.0	13-5	560	1
1704117600.0	7-0	260	17
1704117600.0	7-1	400	12
1704117600.0	7-2	240	9
1704117600.0	7-3	240	9
1704117600.0	7-4	240	10
1704117600.0	7-5	260	17
1704117600.0	7-6	400	12
1704117600.0	7-7	600	7
1704117600.0	7-8	260	17
1704117600.0	10-0	400	13
1704117600.0	10-1	240	11
1704117600.0	10-2	600	7
1704117600.0	10-3	400	13
1704117600.0	10-4	440	15
1704117600.0	10-5	400	13
1704117600.0	10-6	240	12
1704117600.0	10-7	3040	1
1704117600.0	10-8	440	15
1704117600.0	10-9	240	13
1704117600.0	4-0	380	1
1704117600.0	4-1	600	7
1704117600.0	4-2	600	7
1704117600.0	4-3	400	13
1704117600.0	4-4	240	13
1704117600.0	4-5	600	7
1704117600.0	3-0	240	13
1704117600.0	3-1	380	2
1704117600.0	3-2	600	7
1704117600.0	3-3	400	14
1704117600.0	3-4	240	13
1704117600.0	3-5	400	15
1704117600.0	3-6	260	17
1704117600.0	3-7	240	13
1704117600.0	3-8	400	15
1704118500.0	13-0	240	13
1704118500.0	13-1	240	13
1704118500.0	13-2	240	13
1704118500.0	13-3	380	3
1704118500.0	13-4	380	4
1704118500.0	13-5	560	1
1704118500.0	7-0	240	14
1704118500.0	7-1	400	15
1704118500.0	7-2	240	14
1704118500.0	7-3	240	14
1704118500.0	7-4	240	14
1704118500.0	7-5	220	1
1704118500.0	7-6	380	5
1704118500.0	7-7	600	7
1704118500.0	7-8	240	15
1704118500.0	10-0	380	6
1704118500.0	10-1	240	15
1704118500.0	10-2	600	7
1704118500.0	10-3	380	7
1704118500.0	10-4	380	8
1704118500.0	10-5	380	9
1704118500.0	10-6	240	15
1704118500.0	10-7	3200	1
1704118500.0	10-8	400	15
1704118500.0	10-9	240	15
1704118500.0	4-0	400	15
1704118500.0	4-1	560	2
1704118500.0	4-2	560	3
1704118500.0	4-3	400	15
1704118500.0	4-4	220	2
1704118500.0	4-5	560	4
1704118500.0	3-0	240	15
1704118500.0	3-1	400	15
1704118500.0	3-2	560	5
1704118500.0	3-3	400	15
1704118500.0	3-4	240	15
1704118500.0	3-5	380	10
1704118500.0	3-6	240	16
1704118500.0	3-7	240	16
1704118500.0	3-8	400	15
1704119400.0	13-0	240	16
1704119400.0	13-1	240	16
1704119400.0	13-2	240	16
1704119400.0	13-3	360	1
1704119400.0	13-4	400	15
1704119400.0	13-5	560	5
1704119400.0	7-0	220	3
1704119400.0	7-1	360	2
1704119400.0	7-2	240	16
1704119400.0	7-3	240	16
1704119400.0	7-4	240	16
1704119400.0	7-5	240	17
1704119400.0	7-6	360	3
1704119400.0	7-7	560	6
1704119400.0	7-8	220	4
1704119400.0	10-0	380	10
1704119400.0	10-1	240	17
1704119400.0	10-2	560	7
1704119400.0	10-3	380	10
1704119400.0	10-4	380	10
1704119400.0	10-5	380	10
1704119400.0	10-6	220	5
1704119400.0	10-7	3520	1
1704119400.0	10-8	400	15
1704119400.0	10-9	240	17
1704119400.0	4-0	380	10
1704119400.0	4-1	560	7
1704119400.0	4-2	600	7
1704119400.0	4-3	400	15
1704119400.0	4-4	220	5
1704119400.0	4-5	560	7
1704119400.0	3-0	240	17
1704119400.0	3-1	400	15
1704119400.0	3-2	560	7
1704119400.0	3-3	400	15
1704119400.0	3-4	240	17
1704119400.0	3-5	400	15
1704119400.0	3-6	240	17
1704119400.0	3-7	220	6
1704119400.0	3-8	380	11
1704120300.0	13-0	240	17
1704120300.0	13-1	220	7
1704120300.0	13-2	220	8
1704120300.0	13-3	380	11
1704120300.0	13-4	380	11
1704120300.0	13-5	520	1
1704120300.0	7-0	220	8
1704120300.0	7-1	380	12
1704120300.0	7-2	240	17
1704120300.0	7-3	220	9
1704120300.0	7-4	220	10
1704120300.0	7-5	240	17
1704120300.0	7-6	380	12
1704120300.0	7-7	560	7
1704120300.0	7-8	220	10
1704120300.0	10-0	380	12
1704120300.0	10-1	220	11
1704120300.0	10-2	560	7
1704120300.0	10-3	360	4
1704120300.0	10-4	380	12
1704120300.0	10-5	380	12
1704120300.0	10-6	240	17
1704120300.0	10-7	3520	1
1704120300.0	10-8	400	15
1704120300.0	10-9	240	17
1704120300.0	4-0	380	12
1704120300.0	4-1	560	7
1704120300.0	4-2	560	7
1704120300.0	4-3	360	5
1704120300.0	4-4	240	17
1704120300.0	4-5	560	7
1704120300.0	3-0	220	12
1704120300.0	3-1	380	12
1704120300.0	3-2	560	7
1704120300.0	3-3	380	13
1704120300.0	3-4	240	17
1704120300.0	3-5	360	6
1704120300.0	3-6	220	13
1704120300.0	3-7	240	17
1704120300.0	3-8	380	13
1704121200.0	13-0	220	14
1704121200.0	13-1	220	14
1704121200.0	13-2	220	14
1704121200.0	13-3	380	13
1704121200.0	13-4	380	13
1704121200.0	13-5	560	7
1704121200.0	7-0	220	14
1704121200.0	7-1	380	13
1704121200.0	7-2	240	17
1704121200.0	7-3	220	14
1704121200.0	7-4	220	14
1704121200.0	7-5	220	14
1704121200.0	7-6	360	6
1704121200.0	7-7	520	2
1704121200.0	7-8	220	14
1704121200.0	10-0	360	7
1704121200.0	10-1	240	17
1704121200.0	10-2	560	7
1704121200.0	10-3	360	7
1704121200.0	10-4	360	8
1704121200.0	10-5	360	9
1704121200.0	10-6	220	14
1704121200.0	10-7	3840	1
1704121200.0	10-8	400	15
1704121200.0	10-9	240	17
1704121200.0	4-0	360	10
1704121200.0	4-1	560	7
1704121200.0	4-2	560	7
1704121200.0	4-3	360	10
1704121200.0	4-4	240	17
1704121200.0	4-5	520	3
1704121200.0	3-0	220	14
1704121200.0	3-1	360	11
1704121200.0	3-2	520	4
1704121200.0	3-3	380	13
1704121200.0	3-4	220	15
1704121200.0	3-5	380	13
1704121200.0	3-6	220	15
1704121200.0	3-7	240	17
1704121200.0	3-8	380	13
1704122100.0	13-0	240	17
1704122100.0	13-1	220	15
1704122100.0	13-2	220	15
1704122100.0	13-3	380	13
1704122100.0	13-4	360	12
1704122100.0	13-5	560	7
1704122100.0	7-0	240	17
1704122100.0	7-1	380	13
1704122100.0	7-2	220	16
1704122100.0	7-3	240	17
1704122100.0	7-4	240	17
1704122100.0	7-5	220	16
1704122100.0	7-6	360	12
1704122100.0	7-7	520	4
1704122100.0	7-8	220	16
1704122100.0	10-0	360	12
1704122100.0	10-1	220	16
1704122100.0	10-2	560	7
1704122100.0	10-3	360	12
1704122100.0	10-4	380	13
1704122100.0	10-5	360	12
1704122100.0	10-6	240	17
1704122100.0	10-7	3840	1
1704122100.0	10-8	360	13
1704122100.0	10-9	220	17
1704122100.0	4-0	360	13
1704122100.0	4-1	560	7
1704122100.0	4-2	520	5
1704122100.0	4-3	360	13
1704122100.0	4-4	220	17
1704122100.0	4-5	560	7
1704122100.0	3-0	240	17
1704122100.0	3-1	360	13
1704122100.0	3-2	520	5
1704122100.0	3-3	360	14
1704122100.0	3-4	220	17
1704122100.0	3-5	380	13
1704122100.0	3-6	220	17
1704122100.0	3-7	240	17
1704122100.0	3-8	380	13
1704123000.0	13-0	220	17
1704123000.0	13-1	220	17
1704123000.0	13-2	220	17
1704123000.0	13-3	380	13
1704123000.0	13-4	360	14
1704123000.0	13-5	520	5
1704123000.0	7-0	240	17
1704123000.0	7-1	360	14
1704123000.0	7-2	220	17
1704123000.0	7-3	240	17
1704123000.0	7-4	240	17
1704123000.0	7-5	240	17
1704123000.0	7-6	380	13
1704123000.0	7-7	520	5
1704123000.0	7-8	240	17
1704123000.0	10-0	360	14
1704123000.0	10-1	220	17
1704123000.0	10-2	560	7
1704123000.0	10-3	380	13
1704123000.0	10-4	400	15
1704123000.0	10-5	360	14
1704123000.0	10-6	240	17
1704123000.0	10-7	3840	1
1704123000.0	10-8	380	14
1704123000.0	10-9	240	17
1704123000.0	4-0	360	14
1704123000.0	4-1	520	6
1704123000.0	4-2	560	7
1704123000.0	4-3	360	14
1704123000.0	4-4	220	17
1704123000.0	4-5	560	7
1704123000.0	3-0	240	17
1704123000.0	3-1	400	15
1704123000.0	3-2	560	7
1704123000.0	3-3	380	14
1704123000.0	3-4	220	17
1704123000.0	3-5	380	14
1704123000.0	3-6	220	17
1704123000.0	3-7	220	17
1704123000.0	3-8	400	15
1704123900.0	13-0	220	17
1704123900.0	13-1	240	17
1704123900.0	13-2	240	17
1704123900.0	13-3	380	14
1704123900.0	13-4	380	14
1704123900.0	13-5	600	7
1704123900.0	7-0	240	17
1704123900.0	7-1	380	14
1704123900.0	7-2	240	17
1704123900.0	7-3	240	17
1704123900.0	7-4	220	17
1704123900.0	7-5	240	17
1704123900.0	7-6	360	14
1704123900.0	7-7	560	7
1704123900.0	7-8	220	17
1704123900.0	10-0	360	14
1704123900.0	10-1	240	17
1704123900.0	10-2	520	7
1704123900.0	10-3	380	14
1704123900.0	10-4	360	14
1704123900.0	10-5	380	14
1704123900.0	10-6	240	17
1704123900.0	10-7	4160	1
1704123900.0	10-8	380	14
1704123900.0	10-9	240	17
1704123900.0	4-0	380	14
1704123900.0	4-1	560	7
1704123900.0	4-2	600	7
1704123900.0	4-3	400	15
1704123900.0	4-4	240	17
1704123900.0	4-5	520	7
1704123900.0	3-0	240	17
1704123900.0	3-1	400	15
1704123900.0	3-2	560	7
1704123900.0	3-3	400	15
1704123900.0	3-4	220	17
1704123900.0	3-5	380	14
1704123900.0	3-6	240	17
1704123900.0	3-7	240	17
1704123900.0	3-8	380	14
1704124800.0	13-0	260	5
1704124800.0	13-1	240	17
1704124800.0	13-2	240	17
1704124800.0	13-3	400	15
1704124800.0	13-4	400	15
1704124800.0	13-5	600	7
1704124800.0	7-0	240	17
1704124800.0	7-1	400	15
1704124800.0	7-2	260	6
1704124800.0	7-3	240	17
1704124800.0	7-4	240	17
1704124800.0	7-5	240	17
1704124800.0	7-6	380	14
1704124800.0	7-7	600	7
1704124800.0	7-8	240	17
1704124800.0	10-0	400	15
1704124800.0	10-1	260	7
1704124800.0	10-2	600	7
1704124800.0	10-3	400	15
1704124800.0	10-4	400	15
1704124800.0	10-5	380	14
1704124800.0	10-6	240	17
1704124800.0	10-7	4160	1
1704124800.0	10-8	400	15
1704124800.0	10-9	240	17
1704124800.0	4-0	400	15
1704124800.0	4-1	600	7
1704124800.0	4-2	560	7
1704124800.0	4-3	400	15
1704124800.0	4-4	260	8
1704124800.0	4-5	600	7
1704124800.0	3-0	260	9
1704124800.0	3-1	380	14
1704124800.0	3-2	560	7
1704124800.0	3-3	380	14
1704124800.0	3-4	240	17
1704124800.0	3-5	400	15
1704124800.0	3-6	240	17
1704124800.0	3-7	240	17
1704124800.0	3-8	400	15
1704125700.0	13-0	260	5
1704125700.0	13-1	260	6
1704125700.0	13-2	260	7
1704125700.0	13-3	400	13
1704125700.0	13-4	440	1
1704125700.0	13-5	600	6
1704125700.0	7-0	260	8
1704125700.0	7-1	440	2
1704125700.0	7-2	260	8
1704125700.0	7-3	260	9
1704125700.0	7-4	260	10
1704125700.0	7-5	260	11
1704125700.0	7-6	400	14
1704125700.0	7-7	640	1
1704125700.0	7-8	260	12
1704125700.0	10-0	400	14
1704125700.0	10-1	260	12
1704125700.0	10-2	640	2
1704125700.0	10-3	440	3
1704125700.0	10-4	440	4
1704125700.0	10-5	400	15
1704125700.0	10-6	260	13
1704125700.0	10-7	4160	1
1704125700.0	10-8	440	5
1704125700.0	10-9	260	14
1704125700.0	4-0	440	6
1704125700.0	4-1	640	3
1704125700.0	4-2	600	6
1704125700.0	4-3	440	7
1704125700.0	4-4	260	14
1704125700.0	4-5	600	6
1704125700.0	3-0	260	14
1704125700.0	3-1	400	15
1704125700.0	3-2	600	7
1704125700.0	3-3	400	15
1704125700.0	3-4	240	17
1704125700.0	3-5	440	8
1704125700.0	3-6	260	15
1704125700.0	3-7	260	16
1704125700.0	3-8	400	15
1704126600.0	13-0	280	1
1704126600.0	13-1	280	2
1704126600.0	13-2	280	3
1704126600.0	13-3	480	1
1704126600.0	13-4	480	2
1704126600.0	13-5	640	4
1704126600.0	7-0	260	16
1704126600.0	7-1	440	8
1704126600.0	7-2	260	16
1704126600.0	7-3	260	16
1704126600.0	7-4	280	4
1704126600.0	7-5	280	5
1704126600.0	7-6	440	9
1704126600.0	7-7	680	1
1704126600.0	7-8	260	16
1704126600.0	10-0	440	10
1704126600.0	10-1	280	6
1704126600.0	10-2	640	4
1704126600.0	10-3	440	10
1704126600.0	10-4	480	3
1704126600.0	10-5	480	4
1704126600.0	10-6	280	7
1704126600.0	10-7	4160	1
1704126600.0	10-8	440	10
1704126600.0	10-9	280	8
1704126600.0	4-0	440	10
1704126600.0	4-1	640	4
1704126600.0	4-2	680	2
1704126600.0	4-3	480	5
1704126600.0	4-4	260	16
1704126600.0	4-5	640	5
1704126600.0	3-0	260	16
1704126600.0	3-1	480	6
1704126600.0	3-2	640	6
1704126600.0	3-3	480	7
1704126600.0	3-4	280	9
1704126600.0	3-5	440	10
1704126600.0	3-6	280	10
1704126600.0	3-7	260	16
1704126600.0	3-8	440	11
1704127500.0	13-0	300	1
1704127500.0	13-1	300	2
1704127500.0	13-2	300	3
1704127500.0	13-3	480	7
1704127500.0	13-4	480	7
1704127500.0	13-5	720	1
1704127500.0	7-0	280	11
1704127500.0	7-1	480	8
1704127500.0	7-2	280	12
1704127500.0	7-3	300	4
1704127500.0	7-4	280	12
1704127500.0	7-5	300	5
1704127500.0	7-6	480	9
1704127500.0	7-7	720	2
1704127500.0	7-8	300	6
1704127500.0	10-0	520	8
1704127500.0	10-1	280	12
1704127500.0	10-2	680	3
1704127500.0	10-3	480	10
1704127500.0	10-4	480	10
1704127500.0	10-5	480	10
1704127500.0	10-6	280	12
1704127500.0	10-7	3840	1
1704127500.0	10-8	480	11
1704127500.0	10-9	280	12
1704127500.0	4-0	480	12
1704127500.0	4-1	720	3
1704127500.0	4-2	680	3
1704127500.0	4-3	480	12
1704127500.0	4-4	300	7
1704127500.0	4-5	680	4
1704127500.0	3-0	300	8
1704127500.0	3-1	520	9
1704127500.0	3-2	680	5
1704127500.0	3-3	480	12
1704127500.0	3-4	280	12
1704127500.0	3-5	480	13
1704127500.0	3-6	280	12
1704127500.0	3-7	280	13
1704127500.0	3-8	480	14
1704128400.0	13-0	320	1
1704128400.0	13-1	320	2
1704128400.0	13-2	320	3
1704128400.0	13-3	520	10
1704128400.0	13-4	520	11
1704128400.0	13-5	760	1
1704128400.0	7-0	320	4
1704128400.0	7-1	520	12
1704128400.0	7-2	320	5
1704128400.0	7-3	320	6
1704128400.0	7-4	320	7
1704128400.0	7-5	320	8
1704128400.0	7-6	520	13
1704128400.0	7-7	760	2
1704128400.0	7-8	320	9
1704128400.0	10-0	520	13
1704128400.0	10-1	320	10
1704128400.0	10-2	720	4
1704128400.0	10-3	520	14
1704128400.0	10-4	520	15
1704128400.0	10-5	560	8
1704128400.0	10-6	320	11
1704128400.0	10-7	4160	1
1704128400.0	10-8	520	16
1704128400.0	10-9	320	12
1704128400.0	4-0	520	17
1704128400.0	4-1	760	3
1704128400.0	4-2	800	1
1704128400.0	4-3	520	18
1704128400.0	4-4	320	13
1704128400.0	4-5	760	4
1704128400.0	3-0	320	14
1704128400.0	3-1	520	18
1704128400.0	3-2	760	5
1704128400.0	3-3	520	19
1704128400.0	3-4	300	9
1704128400.0	3-5	520	20
1704128400.0	3-6	320	15
1704128400.0	3-7	300	10
1704128400.0	3-8	520	21
1704129300.0	13-0	320	15
1704129300.0	13-1	360	13
1704129300.0	13-2	340	1
1704129300.0	13-3	560	9
1704129300.0	13-4	560	10
1704129300.0	13-5	760	5
1704129300.0	7-0	320	15
1704129300.0	7-1	560	11
1704129300.0	7-2	320	15
1704129300.0	7-3	320	15
1704129300.0	7-4	340	2
1704129300.0	7-5	360	14
1704129300.0	7-6	560	12
1704129300.0	7-7	800	2
1704129300.0	7-8	320	15
1704129300.0	10-0	560	13
1704129300.0	10-1	320	15
1704129300.0	10-2	760	6
1704129300.0	10-3	560	14
1704129300.0	10-4	560	15
1704129300.0	10-5	560	15
1704129300.0	10-6	340	3
1704129300.0	10-7	4160	1
1704129300.0	10-8	560	16
1704129300.0	10-9	320	15
1704129300.0	4-0	520	21
1704129300.0	4-1	800	3
1704129300.0	4-2	800	3
1704129300.0	4-3	520	21
1704129300.0	4-4	360	15
1704129300.0	4-5	800	4
1704129300.0	3-0	340	4
1704129300.0	3-1	560	17
1704129300.0	3-2	800	5
1704129300.0	3-3	560	18
1704129300.0	3-4	320	16
1704129300.0	3-5	560	19
1704129300.0	3-6	320	16
1704129300.0	3-7	320	17
1704129300.0	3-8	560	20
1704130200.0	13-0	360	12
1704130200.0	13-1	360	12
1704130200.0	13-2	380	13
1704130200.0	13-3	600	8
1704130200.0	13-4	600	9
1704130200.0	13-5	800	6
1704130200.0	7-0	380	14
1704130200.0	7-1	600	10
1704130200.0	7-2	360	13
1704130200.0	7-3	360	14
1704130200.0	7-4	340	4
1704130200.0	7-5	360	14
1704130200.0	7-6	560	19
1704130200.0	7-7	880	1
1704130200.0	7-8	380	15
1704130200.0	10-0	600	11
1704130200.0	10-1	360	15
1704130200.0	10-2	880	2
1704130200.0	10-3	560	19
1704130200.0	10-4	600	12
1704130200.0	10-5	600	13
1704130200.0	10-6	340	4
1704130200.0	10-7	3840	1
1704130200.0	10-8	560	19
1704130200.0	10-9	360	16
1704130200.0	4-0	600	14
1704130200.0	4-1	880	3
1704130200.0	4-2	880	4
1704130200.0	4-3	600	15
1704130200.0	4-4	360	16
1704130200.0	4-5	880	5
1704130200.0	3-0	360	17
1704130200.0	3-1	600	16
1704130200.0	3-2	880	6
1704130200.0	3-3	560	19
1704130200.0	3-4	340	5
1704130200.0	3-5	600	17
1704130200.0	3-6	360	18
1704130200.0	3-7	360	19
1704130200.0	3-8	600	18
1704131100.0	13-0	400	16
1704131100.0	13-1	380	16
1704131100.0	13-2	380	16
1704131100.0	13-3	600	18
1704131100.0	13-4	640	7
1704131100.0	13-5	960	1
1704131100.0	7-0	400	17
1704131100.0	7-1	640	8
1704131100.0	7-2	400	18
1704131100.0	7-3	380	17
1704131100.0	7-4	380	18
1704131100.0	7-5	380	19
1704131100.0	7-6	600	19
1704131100.0	7-7	880	6
1704131100.0	7-8	400	19
1704131100.0	10-0	640	9
1704131100.0	10-1	380	20
1704131100.0	10-2	880	6
1704131100.0	10-3	640	10
1704131100.0	10-4	640	11
1704131100.0	10-5	640	12
1704131100.0	10-6	380	21
1704131100.0	10-7	3520	1
1704131100.0	10-8	640	13
1704131100.0	10-9	400	20
1704131100.0	4-0	600	19
1704131100.0	4-1	960	2
1704131100.0	4-2	880	6
1704131100.0	4-3	600	19
1704131100.0	4-4	360	14
1704131100.0	4-5	880	6
1704131100.0	3-0	380	22
1704131100.0	3-1	600	19
1704131100.0	3-2	880	6
1704131100.0	3-3	640	14
1704131100.0	3-4	400	21
1704131100.0	3-5	640	15
1704131100.0	3-6	380	23
1704131100.0	3-7	380	24
1704131100.0	3-8	640	16
1704132000.0	13-0	380	17
1704132000.0	13-1	380	17
1704132000.0	13-2	400	22
1704132000.0	13-3	680	6
1704132000.0	13-4	680	7
1704132000.0	13-5	960	2
1704132000.0	7-0	380	17
1704132000.0	7-1	640	16
1704132000.0	7-2	380	18
1704132000.0	7-3	400	23
1704132000.0	7-4	400	24
1704132000.0	7-5	400	25
1704132000.0	7-6	680	8
1704132000.0	7-7	960	3
1704132000.0	7-8	400	25
1704132000.0	10-0	640	16
1704132000.0	10-1	400	26
1704132000.0	10-2	960	4
1704132000.0	10-3	640	16
1704132000.0	10-4	680	9
1704132000.0	10-5	640	16
1704132000.0	10-6	400	27
1704132000.0	10-7	3200	1
1704132000.0	10-8	680	10
1704132000.0	10-9	380	19
1704132000.0	4-0	680	11
1704132000.0	4-1	960	4
1704132000.0	4-2	960	5
1704132000.0	4-3	640	17
1704132000.0	4-4	400	28
1704132000.0	4-5	960	6
1704132000.0	3-0	400	29
1704132000.0	3-1	640	18
1704132000.0	3-2	960	7
1704132000.0	3-3	640	18
1704132000.0	3-4	380	20
1704132000.0	3-5	640	18
1704132000.0	3-6	380	20
1704132000.0	3-7	400	30
1704132000.0	3-8	640	18
1704132900.0	13-0	400	22
1704132900.0	13-1	400	23
1704132900.0	13-2	440	12
1704132900.0	13-3	640	19
1704132900.0	13-4	680	11
1704132900.0	13-5	960	7
1704132900.0	7-0	400	23
1704132900.0	7-1	680	12
1704132900.0	7-2	440	13
1704132900.0	7-3	400	23
1704132900.0	7-4	380	16
1704132900.0	7-5	400	23
1704132900.0	7-6	640	20
1704132900.0	7-7	1040	1
1704132900.0	7-8	400	23
1704132900.0	10-0	720	5
1704132900.0	10-1	400	23
1704132900.0	10-2	960	7
1704132900.0	10-3	680	13
1704132900.0	10-4	680	13
1704132900.0	10-5	680	14
1704132900.0	10-6	440	14
1704132900.0	10-7	2880	1
1704132900.0	10-8	640	20
1704132900.0	10-9	440	15
1704132900.0	4-0	680	14
1704132900.0	4-1	960	7
1704132900.0	4-2	960	7
1704132900.0	4-3	680	15
1704132900.0	4-4	400	23
1704132900.0	4-5	960	7
1704132900.0	3-0	440	16
1704132900.0	3-1	640	20
1704132900.0	3-2	960	7
1704132900.0	3-3	640	20
1704132900.0	3-4	400	23
1704132900.0	3-5	680	16
1704132900.0	3-6	400	24
1704132900.0	3-7	400	24
1704132900.0	3-8	640	20
1704133800.0	13-0	400	17
1704133800.0	13-1	440	14
1704133800.0	13-2	440	14
1704133800.0	13-3	680	16
1704133800.0	13-4	680	16
1704133800.0	13-5	960	7
1704133800.0	7-0	400	17
1704133800.0	7-1	680	16
1704133800.0	7-2	440	14
1704133800.0	7-3	400	17
1704133800.0	7-4	440	15
1704133800.0	7-5	400	17
1704133800.0	7-6	680	16
1704133800.0	7-7	960	7
1704133800.0	7-8	400	17
1704133800.0	10-0	680	17
1704133800.0	10-1	400	17
1704133800.0	10-2	960	7
1704133800.0	10-3	680	17
1704133800.0	10-4	640	19
1704133800.0	10-5	680	17
1704133800.0	10-6	400	17
1704133800.0	10-7	2560	1
1704133800.0	10-8	680	17
1704133800.0	10-9	400	17
1704133800.0	4-0	640	20
1704133800.0	4-1	1040	2
1704133800.0	4-2	960	7
1704133800.0	4-3	720	6
1704133800.0	4-4	400	17
1704133800.0	4-5	960	7
1704133800.0	3-0	400	17
1704133800.0	3-1	680	18
1704133800.0	3-2	1040	3
1704133800.0	3-3	680	19
1704133800.0	3-4	400	17
1704133800.0	3-5	680	19
1704133800.0	3-6	440	16
1704133800.0	3-7	440	17
1704133800.0	3-8	680	20
1704134700.0	13-0	400	17
1704134700.0	13-1	400	17
1704134700.0	13-2	400	17
1704134700.0	13-3	640	15
1704134700.0	13-4	680	19
1704134700.0	13-5	960	7
1704134700.0	7-0	400	17
1704134700.0	7-1	680	19
1704134700.0	7-2	440	9
1704134700.0	7-3	400	17
1704134700.0	7-4	440	9
1704134700.0	7-5	400	17
1704134700.0	7-6	720	7
1704134700.0	7-7	1040	3
1704134700.0	7-8	440	10
1704134700.0	10-0	680	19
1704134700.0	10-1	400	17
1704134700.0	10-2	960	7
1704134700.0	10-3	680	19
1704134700.0	10-4	720	8
1704134700.0	10-5	680	19
1704134700.0	10-6	400	17
1704134700.0	10-7	2400	1
1704134700.0	10-8	680	19
1704134700.0	10-9	400	17
1704134700.0	4-0	640	15
1704134700.0	4-1	960	7
1704134700.0	4-2	960	7
1704134700.0	4-3	680	19
1704134700.0	4-4	400	17
1704134700.0	4-5	1040	4
1704134700.0	3-0	400	17
1704134700.0	3-1	720	9
1704134700.0	3-2	960	7
1704134700.0	3-3	680	19
1704134700.0	3-4	440	11
1704134700.0	3-5	680	19
1704134700.0	3-6	400	17
1704134700.0	3-7	440	11
1704134700.0	3-8	680	19
1704135600.0	13-0	400	17
1704135600.0	13-1	400	17
1704135600.0	13-2	440	11
1704135600.0	13-3	720	7
1704135600.0	13-4	680	15
1704135600.0	13-5	1040	5
1704135600.0	7-0	400	17
1704135600.0	7-1	720	8
1704135600.0	7-2	400	17
1704135600.0	7-3	400	17
1704135600.0	7-4	440	11
1704135600.0	7-5	400	17
1704135600.0	7-6	680	15
1704135600.0	7-7	1040	5
1704135600.0	7-8	400	17
1704135600.0	10-0	640	15
1704135600.0	10-1	400	17
1704135600.0	10-2	960	7
1704135600.0	10-3	680	15
1704135600.0	10-4	680	15
1704135600.0	10-5	680	15
1704135600.0	10-6	400	17
1704135600.0	10-7	2240	1
1704135600.0	10-8	640	15
1704135600.0	10-9	400	17
1704135600.0	4-0	680	15
1704135600.0	4-1	960	7
1704135600.0	4-2	960	7
1704135600.0	4-3	680	15
1704135600.0	4-4	400	17
1704135600.0	4-5	960	7
1704135600.0	3-0	400	17
1704135600.0	3-1	720	8
1704135600.0	3-2	1040	5
1704135600.0	3-3	640	15
1704135600.0	3-4	440	11
1704135600.0	3-5	720	9
1704135600.0	3-6	400	17
1704135600.0	3-7	400	17
1704135600.0	3-8	680	15
1704136500.0	13-0	400	17
1704136500.0	13-1	400	17
1704136500.0	13-2	400	17
1704136500.0	13-3	640	15
1704136500.0	13-4	680	15
1704136500.0	13-5	960	7
1704136500.0	7-0	380	16
1704136500.0	7-1	640	15
1704136500.0	7-2	380	16
1704136500.0	7-3	400	17
1704136500.0	7-4	380	16
1704136500.0	7-5	400	17
1704136500.0	7-6	680	15
1704136500.0	7-7	960	7
1704136500.0	7-8	400	17
1704136500.0	10-0	640	15
1704136500.0	10-1	400	17
1704136500.0	10-2	960	7
1704136500.0	10-3	640	15
1704136500.0	10-4	640	15
1704136500.0	10-5	680	15
1704136500.0	10-6	400	17
1704136500.0	10-7	1920	1
1704136500.0	10-8	640	15
1704136500.0	10-9	400	17
1704136500.0	4-0	680	15
1704136500.0	4-1	880	6
1704136500.0	4-2	960	7
1704136500.0	4-3	680	15
1704136500.0	4-4	380	17
1704136500.0	4-5	960	7
1704136500.0	3-0	400	17
1704136500.0	3-1	640	15
1704136500.0	3-2	960	7
1704136500.0	3-3	640	15
1704136500.0	3-4	400	17
1704136500.0	3-5	640	15
1704136500.0	3-6	380	17
1704136500.0	3-7	400	17
1704136500.0	3-8	640	15
1704137400.0	13-0	380	17
1704137400.0	13-1	400	17
1704137400.0	13-2	380	17
1704137400.0	13-3	640	15
1704137400.0	13-4	640	15
1704137400.0	13-5	880	7
1704137400.0	7-0	380	17
1704137400.0	7-1	640	15
1704137400.0	7-2	380	17
1704137400.0	7-3	400	17
1704137400.0	7-4	380	17
1704137400.0	7-5	380	17
1704137400.0	7-6	640	15
1704137400.0	7-7	880	7
1704137400.0	7-8	380	17
1704137400.0	10-0	640	15
1704137400.0	10-1	360	11
1704137400.0	10-2	880	7
1704137400.0	10-3	640	15
1704137400.0	10-4	600	12
1704137400.0	10-5	640	15
1704137400.0	10-6	360	12
1704137400.0	10-7	1920	1
1704137400.0	10-8	600	13
1704137400.0	10-9	360	12
1704137400.0	4-0	640	15
1704137400.0	4-1	960	7
1704137400.0	4-2	880	7
1704137400.0	4-3	640	15
1704137400.0	4-4	380	17
1704137400.0	4-5	880	7
1704137400.0	3-0	380	17
1704137400.0	3-1	640	15
1704137400.0	3-2	880	7
1704137400.0	3-3	640	15
1704137400.0	3-4	380	17
1704137400.0	3-5	600	13
1704137400.0	3-6	360	12
1704137400.0	3-7	380	17
1704137400.0	3-8	640	15
1704138300.0	13-0	380	17
1704138300.0	13-1	380	17
1704138300.0	13-2	380	17
1704138300.0	13-3	600	8
1704138300.0	13-4	600	9
1704138300.0	13-5	880	7
1704138300.0	7-0	340	1
1704138300.0	7-1	600	10
1704138300.0	7-2	380	17
1704138300.0	7-3	380	17
1704138300.0	7-4	360	6
1704138300.0	7-5	360	7
1704138300.0	7-6	600	10
1704138300.0	7-7	880	7
1704138300.0	7-8	360	8
1704138300.0	10-0	600	11
1704138300.0	10-1	360	8
1704138300.0	10-2	880	7
1704138300.0	10-3	600	12
1704138300.0	10-4	600	12
1704138300.0	10-5	600	13
1704138300.0	10-6	360	8
1704138300.0	10-7	1760	1
1704138300.0	10-8	640	15
1704138300.0	10-9	360	8
1704138300.0	4-0	560	1
1704138300.0	4-1	880	7
1704138300.0	4-2	880	7
1704138300.0	4-3	600	13
1704138300.0	4-4	360	8
1704138300.0	4-5	880	7
1704138300.0	3-0	360	9
1704138300.0	3-1	600	13
1704138300.0	3-2	880	7
1704138300.0	3-3	560	2
1704138300.0	3-4	380	17
1704138300.0	3-5	560	3
1704138300.0	3-6	360	9
1704138300.0	3-7	380	17
1704138300.0	3-8	600	14
1704139200.0	13-0	320	1
1704139200.0	13-1	340	2
1704139200.0	13-2	340	3
1704139200.0	13-3	600	13
1704139200.0	13-4	560	4
1704139200.0	13-5	800	1
1704139200.0	7-0	360	10
1704139200.0	7-1	600	13
1704139200.0	7-2	340	4
1704139200.0	7-3	360	11
1704139200.0	7-4	340	5
1704139200.0	7-5	360	11
1704139200.0	7-6	600	13
1704139200.0	7-7	880	7
1704139200.0	7-8	360	11
1704139200.0	10-0	560	5
1704139200.0	10-1	340	6
1704139200.0	10-2	880	7
1704139200.0	10-3	560	6
1704139200.0	10-4	560	7
1704139200.0	10-5	560	8
1704139200.0	10-6	360	11
1704139200.0	10-7	1760	1
1704139200.0	10-8	560	9
1704139200.0	10-9	360	11
1704139200.0	4-0	560	9
1704139200.0	4-1	800	2
1704139200.0	4-2	800	3
1704139200.0	4-3	560	10
1704139200.0	4-4	360	11
1704139200.0	4-5	800	4
1704139200.0	3-0	340	7
1704139200.0	3-1	560	11
1704139200.0	3-2	800	5
1704139200.0	3-3	560	11
1704139200.0	3-4	340	8
1704139200.0	3-5	560	11
1704139200.0	3-6	340	9
1704139200.0	3-7	360	12
1704139200.0	3-8	600	13
1704140100.0	13-0	340	10
1704140100.0	13-1	320	2
1704140100.0	13-2	320	3
1704140100.0	13-3	520	1
1704140100.0	13-4	560	11
1704140100.0	13-5	760	1
1704140100.0	7-0	340	10
1704140100.0	7-1	520	2
1704140100.0	7-2	340	10
1704140100.0	7-3	340	11
1704140100.0	7-4	320	4
1704140100.0	7-5	340	12
1704140100.0	7-6	520	3
1704140100.0	7-7	800	6
1704140100.0	7-8	320	5
1704140100.0	10-0	560	11
1704140100.0	10-1	340	12
1704140100.0	10-2	800	7
1704140100.0	10-3	560	11
1704140100.0	10-4	560	11
1704140100.0	10-5	520	4
1704140100.0	10-6	340	13
1704140100.0	10-7	1600	1
1704140100.0	10-8	560	11
1704140100.0	10-9	320	6
1704140100.0	4-0	560	11
1704140100.0	4-1	800	7
1704140100.0	4-2	760	2
1704140100.0	4-3	560	11
1704140100.0	4-4	340	14
1704140100.0	4-5	800	7
1704140100.0	3-0	320	7
1704140100.0	3-1	560	11
1704140100.0	3-2	800	7
1704140100.0	3-3	520	5
1704140100.0	3-4	340	14
1704140100.0	3-5	520	6
1704140100.0	3-6	320	8
1704140100.0	3-7	320	9
1704140100.0	3-8	520	7
1704141000.0	13-0	320	9
1704141000.0	13-1	300	1
1704141000.0	13-2	320	9
1704141000.0	13-3	520	7
1704141000.0	13-4	520	8
1704141000.0	13-5	760	2
1704141000.0	7-0	320	10
1704141000.0	7-1	520	8
1704141000.0	7-2	300	2
1704141000.0	7-3	320	11
1704141000.0	7-4	320	11
1704141000.0	7-5	300	3
1704141000.0	7-6	480	1
1704141000.0	7-7	760	3
1704141000.0	7-8	320	11
1704141000.0	10-0	520	9
1704141000.0	10-1	320	12
1704141000.0	10-2	800	7
1704141000.0	10-3	520	10
1704141000.0	10-4	520	11
1704141000.0	10-5	520	11
1704141000.0	10-6	320	13
1704141000.0	10-7	1600	1
1704141000.0	10-8	520	12
1704141000.0	10-9	300	4
1704141000.0	4-0	480	2
1704141000.0	4-1	720	8
1704141000.0	4-2	760	3
1704141000.0	4-3	520	13
1704141000.0	4-4	300	5
1704141000.0	4-5	760	4
1704141000.0	3-0	320	13
1704141000.0	3-1	520	14
1704141000.0	3-2	800	7
1704141000.0	3-3	520	14
1704141000.0	3-4	320	14
1704141000.0	3-5	520	14
1704141000.0	3-6	300	6
1704141000.0	3-7	320	14
1704141000.0	3-8	520	14
1704141900.0	13-0	300	7
1704141900.0	13-1	300	7
1704141900.0	13-2	300	8
1704141900.0	13-3	520	14
1704141900.0	13-4	520	14
1704141900.0	13-5	720	8
1704141900.0	7-0	320	14
1704141900.0	7-1	480	3
1704141900.0	7-2	320	15
1704141900.0	7-3	300	9
1704141900.0	7-4	320	15
1704141900.0	7-5	320	16
1704141900.0	7-6	520	14
1704141900.0	7-7	720	9
1704141900.0	7-8	320	16
1704141900.0	10-0	480	4
1704141900.0	10-1	300	10
1704141900.0	10-2	720	10
1704141900.0	10-3	480	5
1704141900.0	10-4	520	14
1704141900.0	10-5	520	14
1704141900.0	10-6	300	11
1704141900.0	10-7	1520	1
1704141900.0	10-8	480	6
1704141900.0	10-9	320	16
1704141900.0	4-0	480	6
1704141900.0	4-1	720	10
1704141900.0	4-2	720	11
1704141900.0	4-3	520	14
1704141900.0	4-4	300	11
1704141900.0	4-5	720	12
1704141900.0	3-0	300	12
1704141900.0	3-1	480	7
1704141900.0	3-2	760	5
1704141900.0	3-3	520	14
1704141900.0	3-4	320	16
1704141900.0	3-5	520	14
1704141900.0	3-6	320	16
1704141900.0	3-7	300	13
1704141900.0	3-8	480	8
1704142800.0	13-0	300	13
1704142800.0	13-1	300	13
1704142800.0	13-2	280	1
1704142800.0	13-3	480	9
1704142800.0	13-4	480	10
1704142800.0	13-5	680	9
1704142800.0	7-0	300	14
1704142800.0	7-1	480	10
1704142800.0	7-2	280	2
1704142800.0	7-3	300	14
1704142800.0	7-4	300	15
1704142800.0	7-5	300	15
1704142800.0	7-6	480	10
1704142800.0	7-7	720	10
1704142800.0	7-8	280	3
1704142800.0	10-0	480	10
1704142800.0	10-1	280	4
1704142800.0	10-2	680	10
1704142800.0	10-3	480	10
1704142800.0	10-4	480	11
1704142800.0	10-5	480	12
1704142800.0	10-6	300	15
1704142800.0	10-7	1360	1
1704142800.0	10-8	480	12
1704142800.0	10-9	300	15
1704142800.0	4-0	480	12
1704142800.0	4-1	680	11
1704142800.0	4-2	680	12
1704142800.0	4-3	480	13
1704142800.0	4-4	280	5
1704142800.0	4-5	720	10
1704142800.0	3-0	280	6
1704142800.0	3-1	480	13
1704142800.0	3-2	720	11
1704142800.0	3-3	480	14
1704142800.0	3-4	300	16
1704142800.0	3-5	480	15
1704142800.0	3-6	300	16
1704142800.0	3-7	300	16
1704142800.0	3-8	480	15
1704143700.0	13-0	280	7
1704143700.0	13-1	300	16
1704143700.0	13-2	300	16
1704143700.0	13-3	440	1
1704143700.0	13-4	480	15
1704143700.0	13-5	680	9
1704143700.0	7-0	280	8
1704143700.0	7-1	480	15
1704143700.0	7-2	280	8
1704143700.0	7-3	280	9
1704143700.0	7-4	280	10
1704143700.0	7-5	280	11
1704143700.0	7-6	480	15
1704143700.0	7-7	640	16
1704143700.0	7-8	280	11
1704143700.0	10-0	480	15
1704143700.0	10-1	280	11
1704143700.0	10-2	680	9
1704143700.0	10-3	440	2
1704143700.0	10-4	440	3
1704143700.0	10-5	480	15
1704143700.0	10-6	300	16
1704143700.0	10-7	1360	1
1704143700.0	10-8	480	15
1704143700.0	10-9	280	12
1704143700.0	4-0	480	15
1704143700.0	4-1	680	9
1704143700.0	4-2	680	9
1704143700.0	4-3	440	4
1704143700.0	4-4	280	12
1704143700.0	4-5	640	17
1704143700.0	3-0	280	12
1704143700.0	3-1	480	15
1704143700.0	3-2	680	10
1704143700.0	3-3	480	15
1704143700.0	3-4	260	1
1704143700.0	3-5	480	15
1704143700.0	3-6	280	13
1704143700.0	3-7	280	14
1704143700.0	3-8	480	15
1704144600.0	13-0	260	2
1704144600.0	13-1	260	3
1704144600.0	13-2	260	4
1704144600.0	13-3	440	4
1704144600.0	13-4	440	5
1704144600.0	13-5	640	16
1704144600.0	7-0	280	14
1704144600.0	7-1	440	6
1704144600.0	7-2	260	5
1704144600.0	7-3	280	14
1704144600.0	7-4	260	6
1704144600.0	7-5	280	14
1704144600.0	7-6	440	7
1704144600.0	7-7	640	16
1704144600.0	7-8	260	7
1704144600.0	10-0	440	8
1704144600.0	10-1	280	14
1704144600.0	10-2	640	17
1704144600.0	10-3	440	8
1704144600.0	10-4	440	8
1704144600.0	10-5	440	9
1704144600.0	10-6	280	15
1704144600.0	10-7	1360	1
1704144600.0	10-8	440	10
1704144600.0	10-9	260	8
1704144600.0	4-0	440	11
1704144600.0	4-1	640	18
1704144600.0	4-2	640	19
1704144600.0	4-3	440	11
1704144600.0	4-4	280	15
1704144600.0	4-5	640	19
1704144600.0	3-0	260	9
1704144600.0	3-1	440	12
1704144600.0	3-2	680	5
1704144600.0	3-3	440	13
1704144600.0	3-4	280	16
1704144600.0	3-5	440	14
1704144600.0	3-6	260	10
1704144600.0	3-7	280	16
1704144600.0	3-8	440	15
1704145500.0	13-0	260	10
1704145500.0	13-1	260	10
1704145500.0	13-2	260	10
1704145500.0	13-3	400	1
1704145500.0	13-4	400	2
1704145500.0	13-5	600	12
1704145500.0	7-0	240	1
1704145500.0	7-1	440	15
1704145500.0	7-2	240	2
1704145500.0	7-3	240	3
1704145500.0	7-4	240	4
1704145500.0	7-5	240	5
1704145500.0	7-6	400	3
1704145500.0	7-7	600	13
1704145500.0	7-8	240	6
1704145500.0	10-0	400	4
1704145500.0	10-1	260	11
1704145500.0	10-2	560	12
1704145500.0	10-3	400	5
1704145500.0	10-4	400	6
1704145500.0	10-5	440	15
1704145500.0	10-6	240	7
1704145500.0	10-7	1200	1
1704145500.0	10-8	440	15
1704145500.0	10-9	260	11
1704145500.0	4-0	440	15
1704145500.0	4-1	600	14
1704145500.0	4-2	640	7
1704145500.0	4-3	400	7
1704145500.0	4-4	260	12
1704145500.0	4-5	560	13
1704145500.0	3-0	260	12
1704145500.0	3-1	440	15
1704145500.0	3-2	640	8
1704145500.0	3-3	440	15
1704145500.0	3-4	240	8
1704145500.0	3-5	400	8
1704145500.0	3-6	240	9
1704145500.0	3-7	260	13
1704145500.0	3-8	400	9
1704146400.0	13-0	240	10
1704146400.0	13-1	240	11
1704146400.0	13-2	240	12
1704146400.0	13-3	360	9
1704146400.0	13-4	400	9
1704146400.0	13-5	560	14
1704146400.0	7-0	240	12
1704146400.0	7-1	400	10
1704146400.0	7-2	240	12
1704146400.0	7-3	240	12
1704146400.0	7-4	240	12
1704146400.0	7-5	240	12
1704146400.0	7-6	380	1
1704146400.0	7-7	560	15
1704146400.0	7-8	240	12
1704146400.0	10-0	380	2
1704146400.0	10-1	240	13
1704146400.0	10-2	560	15
1704146400.0	10-3	400	10
1704146400.0	10-4	380	3
1704146400.0	10-5	400	11
1704146400.0	10-6	220	1
1704146400.0	10-7	1200	1
1704146400.0	10-8	380	4
1704146400.0	10-9	240	14
1704146400.0	4-0	360	10
1704146400.0	4-1	560	16
1704146400.0	4-2	560	17
1704146400.0	4-3	400	11
1704146400.0	4-4	240	15
1704146400.0	4-5	560	17
1704146400.0	3-0	240	16
1704146400.0	3-1	400	12
1704146400.0	3-2	560	18
1704146400.0	3-3	400	13
1704146400.0	3-4	240	16
1704146400.0	3-5	400	13
1704146400.0	3-6	240	16
1704146400.0	3-7	240	17
1704146400.0	3-8	380	5
1704147300.0	13-0	220	2
1704147300.0	13-1	220	3
1704147300.0	13-2	220	4
1704147300.0	13-3	340	10
1704147300.0	13-4	340	11
1704147300.0	13-5	520	15
1704147300.0	7-0	200	1
1704147300.0	7-1	360	3
1704147300.0	7-2	220	5
1704147300.0	7-3	220	6
1704147300.0	7-4	220	7
1704147300.0	7-5	200	2
1704147300.0	7-6	340	12
1704147300.0	7-7	520	16
1704147300.0	7-8	220	8
1704147300.0	10-0	340	13
1704147300.0	10-1	220	9
1704147300.0	10-2	520	17
1704147300.0	10-3	340	14
1704147300.0	10-4	380	5
1704147300.0	10-5	340	15
1704147300.0	10-6	220	9
1704147300.0	10-7	1120	1
1704147300.0	10-8	360	4
1704147300.0	10-9	220	10
1704147300.0	4-0	360	4
1704147300.0	4-1	560	15
1704147300.0	4-2	480	16
1704147300.0	4-3	340	16
1704147300.0	4-4	220	11
1704147300.0	4-5	520	18
1704147300.0	3-0	220	12
1704147300.0	3-1	340	17
1704147300.0	3-2	520	19
1704147300.0	3-3	360	5
1704147300.0	3-4	220	13
1704147300.0	3-5	360	6
1704147300.0	3-6	220	14
1704147300.0	3-7	220	15
1704147300.0	3-8	360	7
1704148200.0	13-0	200	3
1704148200.0	13-1	190	1
1704148200.0	13-2	200	4
1704148200.0	13-3	320	16
1704148200.0	13-4	340	8
1704148200.0	13-5	480	17
1704148200.0	7-0	190	2
1704148200.0	7-1	340	9
1704148200.0	7-2	200	5
1704148200.0	7-3	200	6
1704148200.0	7-4	200	7
1704148200.0	7-5	200	7
1704148200.0	7-6	340	9
1704148200.0	7-7	480	18
1704148200.0	7-8	200	8
1704148200.0	10-0	340	9
1704148200.0	10-1	200	9
1704148200.0	10-2	480	19
1704148200.0	10-3	340	9
1704148200.0	10-4	340	10
1704148200.0	10-5	340	10
1704148200.0	10-6	200	10
1704148200.0	10-7	1200	1
1704148200.0	10-8	320	17
1704148200.0	10-9	190	3
1704148200.0	4-0	320	18
1704148200.0	4-1	480	20
1704148200.0	4-2	480	20
1704148200.0	4-3	320	19
1704148200.0	4-4	190	4
1704148200.0	4-5	480	21
1704148200.0	3-0	200	11
1704148200.0	3-1	320	20
1704148200.0	3-2	480	22
1704148200.0	3-3	320	21
1704148200.0	3-4	200	12
1704148200.0	3-5	320	22
1704148200.0	3-6	190	5
1704148200.0	3-7	190	6
1704148200.0	3-8	320	23
1704149100.0	13-0	180	1
1704149100.0	13-1	180	2
1704149100.0	13-2	180	3
1704149100.0	13-3	300	16
1704149100.0	13-4	300	17
1704149100.0	13-5	440	16
1704149100.0	7-0	180	4
1704149100.0	7-1	300	18
1704149100.0	7-2	170	1
1704149100.0	7-3	190	7
1704149100.0	7-4	190	8
1704149100.0	7-5	190	9
1704149100.0	7-6	280	17
1704149100.0	7-7	440	17
1704149100.0	7-8	180	5
1704149100.0	10-0	300	19
1704149100.0	10-1	180	6
1704149100.0	10-2	400	14
1704149100.0	10-3	320	17
1704149100.0	10-4	300	20
1704149100.0	10-5	300	21
1704149100.0	10-6	180	7
1704149100.0	10-7	1120	1
1704149100.0	10-8	300	22
1704149100.0	10-9	180	8
1704149100.0	4-0	300	23
1704149100.0	4-1	440	18
1704149100.0	4-2	440	19
1704149100.0	4-3	300	24
1704149100.0	4-4	180	9
1704149100.0	4-5	440	20
1704149100.0	3-0	180	10
1704149100.0	3-1	280	18
1704149100.0	3-2	440	21
1704149100.0	3-3	300	25
1704149100.0	3-4	180	11
1704149100.0	3-5	300	26
1704149100.0	3-6	180	12
1704149100.0	3-7	190	9
1704149100.0	3-8	300	27
